cluster,mutation
4,10_1014
4,10_1020
1,10_1088
4,10_1093
5,10_1153
4,10_1160
4,10_1216
3,10_123
1,10_1252
5,10_1301
5,10_1308
4,10_1318
4,10_1332
6,10_1358
4,10_1368
0,10_1377
6,10_1392
4,10_1394
6,10_1401
4,10_1427
1,10_1447
6,10_145
4,10_1498
6,10_1500
6,10_1505
0,10_1527
2,10_1540
4,10_162
5,10_163
5,10_1644
6,10_1679
6,10_1692
6,10_1693
1,10_1727
4,10_1734
5,10_1736
4,10_1746
3,10_1795
4,10_1801
3,10_1812
4,10_1817
5,10_1859
4,10_1861
5,10_1900
6,10_1916
3,10_1987
6,10_2010
4,10_2017
4,10_2029
4,10_2054
3,10_2063
2,10_2070
5,10_2076
6,10_21
4,10_2108
2,10_2160
4,10_2175
6,10_2188
4,10_2194
2,10_2204
4,10_223
4,10_2243
3,10_227
4,10_2285
4,10_229
6,10_2291
2,10_2297
5,10_231
4,10_2321
5,10_2322
5,10_2349
4,10_2357
1,10_2419
4,10_2425
3,10_2504
2,10_2525
4,10_2534
1,10_2535
3,10_2554
6,10_2562
2,10_2576
4,10_261
4,10_2611
0,10_2633
4,10_2683
4,10_2697
4,10_272
5,10_2721
2,10_2735
3,10_2766
2,10_2786
2,10_2838
4,10_2882
4,10_2921
2,10_2932
4,10_2943
2,10_2985
3,10_2994
2,10_3
2,10_3027
4,10_3046
5,10_3064
6,10_3106
1,10_3119
0,10_3180
4,10_3214
4,10_3223
5,10_3227
2,10_3237
5,10_3318
5,10_3336
2,10_3352
3,10_3358
4,10_3378
4,10_3382
5,10_3403
6,10_3458
6,10_348
0,10_3523
4,10_3528
4,10_3594
4,10_361
4,10_3643
0,10_3660
2,10_3739
4,10_3753
4,10_3809
0,10_3814
3,10_382
5,10_3828
4,10_3836
2,10_3852
4,10_3911
3,10_3923
4,10_3927
2,10_3928
5,10_3947
5,10_3952
2,10_3959
0,10_398
4,10_3984
5,10_4043
4,10_407
4,10_4097
4,10_4114
2,10_412
4,10_4140
4,10_4182
0,10_4188
5,10_4269
2,10_4290
6,10_4303
5,10_4330
4,10_4348
4,10_4350
4,10_4389
6,10_4406
6,10_4436
6,10_4449
5,10_4480
2,10_4502
4,10_4506
6,10_4512
0,10_4534
5,10_4536
4,10_4548
1,10_459
6,10_4605
6,10_4609
5,10_4662
0,10_4676
4,10_4740
5,10_4759
4,10_4795
4,10_4801
5,10_491
5,10_4916
5,10_50
4,10_5009
6,10_5017
6,10_5044
1,10_5051
2,10_5095
4,10_5105
4,10_5113
6,10_5138
4,10_5176
4,10_5183
4,10_5215
4,10_5247
1,10_525
3,10_5277
4,10_5285
2,10_5300
4,10_5324
4,10_5380
4,10_541
0,10_5505
4,10_5544
3,10_5566
0,10_564
3,10_5646
5,10_5669
4,10_5717
4,10_575
6,10_5751
4,10_5756
6,10_5775
0,10_5777
3,10_5801
0,10_5835
4,10_5838
2,10_5872
4,10_5890
4,10_5904
5,10_5927
4,10_5937
6,10_5948
1,10_5956
2,10_6001
5,10_6008
6,10_6010
2,10_6026
2,10_6037
4,10_6055
4,10_6057
4,10_606
3,10_6079
4,10_6085
5,10_6096
4,10_6112
2,10_6127
4,10_6130
6,10_6153
2,10_6177
4,10_6189
4,10_620
6,10_6270
5,10_6271
4,10_6289
5,10_6304
1,10_6330
5,10_6344
4,10_6355
6,10_6399
2,10_642
4,10_643
0,10_6430
3,10_644
5,10_6447
4,10_6467
5,10_6475
4,10_6494
4,10_6506
0,10_6532
4,10_6544
3,10_6547
4,10_6562
0,10_6637
4,10_6638
0,10_664
4,10_6653
0,10_6654
4,10_6679
3,10_668
1,10_6699
4,10_6712
6,10_6792
2,10_6799
6,10_6800
4,10_6805
3,10_6824
0,10_6846
2,10_6891
2,10_6904
2,10_6907
5,10_695
5,10_6970
4,10_6985
0,10_6992
4,10_7020
6,10_705
5,10_7062
3,10_7080
5,10_7093
4,10_7109
4,10_7168
4,10_7313
4,10_7316
4,10_7317
5,10_7345
4,10_736
6,10_7360
3,10_7368
2,10_7370
4,10_7377
6,10_7404
3,10_7417
5,10_7444
5,10_7538
0,10_7550
6,10_7570
4,10_7572
4,10_7597
5,10_7608
4,10_7625
4,10_7637
4,10_7645
5,10_7652
4,10_7672
2,10_7679
0,10_7718
2,10_7734
2,10_7805
4,10_7823
4,10_7842
5,10_7844
4,10_7846
0,10_7872
4,10_7897
0,10_7932
2,10_7944
3,10_7949
4,10_7953
2,10_800
4,10_8005
2,10_8033
4,10_805
1,10_8084
2,10_8085
4,10_8095
2,10_8113
2,10_8147
4,10_8153
4,10_820
2,10_8230
5,10_8245
4,10_825
5,10_8266
4,10_8307
2,10_8330
2,10_8339
2,10_8377
6,10_8389
0,10_8394
6,10_840
5,10_844
3,10_8446
6,10_8456
0,10_849
2,10_8521
3,10_8578
2,10_8649
4,10_8675
4,10_8701
3,10_8721
2,10_8732
3,10_8736
2,10_8737
0,10_8773
5,10_878
4,10_8793
4,10_8801
4,10_882
4,10_8822
2,10_8837
4,10_8843
0,10_8847
4,10_8859
1,10_8862
0,10_8904
6,10_8909
2,10_8911
2,10_8919
5,10_8921
3,10_8924
5,10_8933
6,10_8936
4,10_8960
2,10_9010
1,10_9013
3,10_9029
0,10_9074
0,10_9078
4,10_9085
4,10_9093
2,10_9098
6,10_9109
5,10_9166
0,10_917
4,10_9178
5,10_9211
0,10_9212
2,10_9214
4,10_9229
4,10_9268
5,10_9279
4,10_9286
5,10_9289
4,10_9301
1,10_9316
0,10_9335
0,10_9338
4,10_9375
5,10_9380
4,10_9393
4,10_9398
0,10_9410
5,10_944
4,10_9459
2,10_9473
5,10_9474
5,10_9515
4,10_9544
2,10_9564
6,10_9586
3,10_960
6,10_9604
4,10_9612
4,10_9641
4,10_9680
4,10_9691
5,10_9705
5,10_9718
0,10_9722
6,10_9734
0,10_9759
2,10_9780
2,10_9786
1,10_9793
5,10_98
1,10_9802
0,10_9814
6,10_9829
1,10_9878
4,10_9880
3,10_9930
4,10_9937
2,10_9961
1,10_9968
4,11_1013
5,11_1018
6,11_102
2,11_1054
1,11_1121
3,11_1129
5,11_1175
4,11_1200
2,11_1204
2,11_1220
4,11_1236
6,11_1260
0,11_1292
2,11_1309
5,11_1361
6,11_1384
4,11_1421
4,11_1435
2,11_1508
5,11_1517
2,11_153
0,11_1564
4,11_1568
0,11_1571
5,11_159
4,11_1602
0,11_1622
0,11_1627
6,11_1642
0,11_1658
5,11_1678
0,11_1702
0,11_1729
1,11_1762
5,11_1802
5,11_1943
2,11_1945
0,11_2007
2,11_2024
6,11_203
4,11_2036
4,11_2148
3,11_2149
2,11_2159
0,11_2195
0,11_2221
4,11_2231
4,11_2236
2,11_2255
4,11_2354
0,11_2413
4,11_2427
6,11_2440
0,11_2477
2,11_2483
4,11_2506
4,11_2507
2,11_2514
2,11_2520
6,11_2561
0,11_2619
4,11_2645
2,11_2679
3,11_2731
0,11_2738
4,11_2782
5,11_28
6,11_2812
1,11_2815
3,11_2842
4,11_286
4,11_2864
4,11_2877
4,11_290
5,11_2906
5,11_291
2,11_2948
0,11_2969
4,11_2971
4,11_2981
0,11_3028
4,11_3038
5,11_3080
5,11_3122
1,11_3239
1,11_3320
5,11_3331
5,11_340
6,11_3465
4,11_3492
2,11_3500
5,11_3503
6,11_3511
6,11_3536
4,11_3650
4,11_3651
4,11_3653
4,11_3680
4,11_3696
4,11_3697
0,11_3758
6,11_3784
5,11_3785
0,11_3904
4,11_3919
2,11_393
4,11_3938
4,11_3958
2,11_3965
4,11_4034
2,11_4132
0,11_417
5,11_4203
4,11_422
4,11_4240
4,11_4272
5,11_4353
0,11_4359
5,11_4377
4,11_4387
4,11_4417
2,11_444
4,11_4462
6,11_4495
3,11_4513
6,11_4531
3,11_4567
4,11_4597
4,11_4598
6,11_4667
5,11_467
4,11_4750
4,11_4777
3,11_4781
4,11_4786
6,11_4792
2,11_480
5,11_4818
4,11_4819
0,11_4830
4,11_4846
6,11_4853
2,11_4856
5,11_4879
0,11_4886
5,11_493
4,11_496
1,11_4980
4,11_4983
2,11_4995
3,11_4996
4,11_5006
2,11_5008
6,11_5060
3,11_5078
2,11_5104
3,11_511
4,11_5122
4,11_5131
4,11_5140
2,11_5172
3,11_5191
0,11_5199
4,11_5210
3,11_5223
0,11_5275
3,11_5290
6,11_5310
5,11_5319
4,11_5338
4,11_5346
5,11_5351
4,11_5358
4,11_5365
4,11_5372
4,11_5440
4,11_5487
3,11_5494
4,11_551
4,11_5511
4,11_5553
0,11_5583
4,11_5603
4,11_5610
4,11_5635
4,11_565
2,11_5661
6,11_568
4,11_5755
3,11_5798
4,11_5799
6,11_5800
6,11_5822
2,11_5823
5,11_5827
2,11_583
2,11_5836
4,11_5899
5,11_5914
6,11_5943
4,11_595
3,11_599
4,11_5999
3,11_6013
5,11_6023
4,11_6041
4,11_6138
0,11_6141
0,11_615
4,11_6166
4,11_6190
4,11_6194
5,11_6205
4,11_6213
5,11_6224
3,11_6244
5,11_6338
6,11_6343
4,11_6353
5,11_6393
4,11_6425
6,11_6446
5,11_6455
4,11_6457
6,11_6471
4,11_649
3,11_6522
3,11_6543
3,11_6557
4,11_6561
4,11_6576
4,11_6578
5,11_659
5,11_6625
0,11_6674
3,11_6733
6,11_6737
6,11_6740
4,11_6778
4,11_6845
0,11_6865
2,11_6882
4,11_6947
0,11_6966
6,11_6981
2,11_7044
4,11_7056
4,11_7081
6,11_7095
2,11_7118
2,11_7194
4,11_7209
0,11_7349
6,11_7390
0,11_7403
0,11_7409
0,11_7410
4,11_7412
4,11_7425
4,11_7458
6,11_7469
2,11_7473
4,11_7485
4,11_7486
2,11_7520
6,11_7547
3,11_755
2,11_7556
0,11_7589
3,11_7609
3,11_7612
3,11_768
6,11_7687
2,11_7743
6,11_7777
3,11_7798
4,11_7819
3,11_7832
4,11_7850
2,11_7870
5,11_7887
3,11_7938
6,11_7959
4,11_7997
1,11_8065
4,11_8070
2,11_8077
6,11_8082
5,11_8120
5,11_8132
3,11_8161
3,11_8179
2,11_8197
6,11_8224
3,11_8250
2,11_8264
2,11_8309
4,11_8311
0,11_8322
5,11_8337
4,11_8345
5,11_8370
4,11_8459
0,11_8495
6,11_8515
4,11_8517
1,11_8524
4,11_8584
3,11_8586
1,11_861
4,11_8612
5,11_8645
0,11_8674
5,11_8697
4,11_8699
0,11_8733
1,11_8790
5,11_885
2,11_8887
6,11_889
0,11_8894
0,11_8900
3,11_8925
1,11_8941
4,11_8945
6,11_8951
4,11_8981
0,11_9007
4,11_9067
4,11_9076
0,11_9100
3,11_9105
4,11_9145
2,11_9153
4,11_9201
0,11_9224
4,11_9240
1,11_9266
5,11_9285
0,11_930
0,11_9303
5,11_9317
6,11_9342
0,11_9344
2,11_9452
4,11_9484
6,11_9494
2,11_950
0,11_9510
3,11_9529
5,11_9539
5,11_9548
4,11_9567
4,11_9589
5,11_9617
4,11_9637
0,11_9640
2,11_9701
5,11_9721
6,11_9742
2,11_9760
2,11_9763
4,11_9766
4,11_978
3,11_9800
5,11_9811
0,11_9820
2,11_9861
4,11_9872
0,11_9894
0,11_9944
0,11_9950
4,11_9971
4,11_9980
4,12_1011
3,12_1012
4,12_1015
5,12_1034
4,12_1039
2,12_1049
5,12_1112
0,12_1140
3,12_1189
4,12_120
4,12_1237
2,12_1239
5,12_1242
3,12_1248
2,12_1269
4,12_1337
2,12_134
4,12_1374
6,12_1385
5,12_1396
2,12_1418
3,12_1455
3,12_16
5,12_1606
4,12_1636
3,12_1643
6,12_166
4,12_1668
0,12_1686
5,12_1687
4,12_17
4,12_1731
5,12_1766
3,12_1807
4,12_182
5,12_1845
3,12_1867
4,12_1870
4,12_1874
4,12_1875
4,12_190
3,12_1903
6,12_1917
3,12_1933
4,12_1934
4,12_1938
0,12_1971
6,12_1986
4,12_20
4,12_2023
4,12_2123
2,12_2125
4,12_2126
2,12_2172
4,12_219
0,12_2208
2,12_2234
6,12_2343
6,12_2378
6,12_2465
4,12_25
1,12_2515
4,12_2529
5,12_2558
0,12_2571
4,12_2578
0,12_2590
1,12_260
6,12_2607
4,12_2613
0,12_2620
2,12_2701
4,12_2744
0,12_2750
5,12_2800
4,12_2822
0,12_2837
4,12_2871
5,12_2911
4,12_292
4,12_2935
4,12_2956
1,12_2978
4,12_2990
4,12_2997
0,12_3021
4,12_304
4,12_3050
6,12_3051
4,12_3058
4,12_314
4,12_3156
3,12_3197
6,12_3215
4,12_3242
4,12_326
3,12_3302
4,12_3321
4,12_3348
4,12_3354
4,12_3359
2,12_3381
4,12_3432
4,12_3441
4,12_3450
6,12_3454
4,12_352
4,12_3522
4,12_3556
2,12_3561
6,12_3596
2,12_362
0,12_3646
3,12_3676
0,12_3683
4,12_3714
5,12_3757
2,12_378
4,12_3790
4,12_3791
4,12_3895
3,12_3908
5,12_3913
2,12_3944
0,12_3978
2,12_3985
4,12_401
2,12_4016
2,12_4086
1,12_4154
4,12_419
4,12_4210
4,12_4221
6,12_4243
4,12_4244
4,12_4250
4,12_4264
6,12_4349
3,12_4351
4,12_4410
4,12_4419
2,12_4474
2,12_4530
0,12_454
4,12_4540
2,12_4546
6,12_4585
4,12_4586
4,12_4601
0,12_4608
2,12_4613
5,12_4636
4,12_4748
3,12_4769
2,12_489
4,12_4890
3,12_4891
1,12_4937
6,12_4939
4,12_5033
5,12_5037
2,12_508
6,12_5126
0,12_5145
4,12_5154
5,12_5202
4,12_5233
2,12_5252
4,12_5267
6,12_5270
2,12_5383
5,12_5409
4,12_5428
4,12_544
4,12_5446
3,12_5451
0,12_5465
6,12_5523
4,12_5539
2,12_554
4,12_5541
1,12_5609
2,12_5629
3,12_5644
3,12_5657
3,12_5659
5,12_5662
6,12_5720
6,12_5837
3,12_5858
4,12_5895
0,12_5934
5,12_5950
2,12_5983
3,12_5989
2,12_5990
4,12_6007
3,12_6011
2,12_6017
6,12_6045
2,12_6056
4,12_6071
1,12_6082
4,12_6114
5,12_6120
5,12_6179
4,12_6253
2,12_6261
5,12_6341
0,12_6370
3,12_6390
4,12_6468
5,12_6533
2,12_6541
6,12_6564
2,12_6580
4,12_6589
6,12_6613
0,12_6639
6,12_6659
6,12_6673
2,12_6686
0,12_6695
0,12_6722
5,12_6749
1,12_6761
6,12_6786
3,12_680
4,12_6811
3,12_6816
4,12_6831
2,12_6838
4,12_6842
4,12_6849
5,12_6866
5,12_6885
5,12_6898
4,12_6916
4,12_6989
6,12_7001
4,12_703
2,12_7050
4,12_7082
6,12_7088
4,12_7110
4,12_7130
0,12_7166
4,12_7184
3,12_7199
2,12_7217
4,12_7233
6,12_7239
3,12_7250
1,12_7266
4,12_7376
3,12_7413
5,12_7460
0,12_7470
2,12_7480
6,12_7481
0,12_7500
4,12_7527
4,12_7542
4,12_7567
4,12_7601
4,12_7631
1,12_7650
4,12_7706
4,12_7739
0,12_7755
2,12_7764
2,12_7815
6,12_7821
2,12_7854
4,12_7898
5,12_7902
4,12_7922
2,12_7980
6,12_7981
5,12_7996
4,12_8069
2,12_8092
4,12_8118
4,12_8169
0,12_8183
4,12_8184
1,12_823
0,12_8232
5,12_8239
4,12_8298
2,12_8352
5,12_8367
5,12_8372
2,12_8383
3,12_8384
0,12_843
0,12_8445
1,12_845
3,12_8460
2,12_8476
2,12_8501
4,12_8509
1,12_8510
3,12_8588
0,12_863
4,12_8631
3,12_8668
4,12_8688
0,12_8698
0,12_8707
4,12_8723
6,12_8726
4,12_8794
4,12_8796
4,12_883
3,12_8844
4,12_886
3,12_8871
3,12_8907
4,12_8939
3,12_8959
4,12_8973
5,12_9056
4,12_9099
4,12_9121
5,12_9127
2,12_9147
3,12_9150
4,12_9208
5,12_9221
6,12_9259
4,12_9265
6,12_9358
4,12_9461
5,12_9540
5,12_9583
3,12_9585
2,12_9615
6,12_9623
2,12_9653
4,12_9662
5,12_9736
4,12_9748
5,12_9821
4,12_9831
0,12_9843
4,12_9857
6,12_9874
5,12_988
1,12_9931
3,12_9966
3,12_9967
0,13_1007
4,13_1044
4,13_1063
4,13_1116
0,13_1182
1,13_1188
1,13_1243
0,13_132
4,13_1330
3,13_135
1,13_1355
5,13_1440
5,13_1453
3,13_1461
4,13_1477
4,13_1480
4,13_1489
4,13_1501
5,13_152
6,13_1523
3,13_156
4,13_1603
4,13_1640
4,13_1683
4,13_1712
2,13_1779
5,13_1927
2,13_194
5,13_1969
5,13_1984
4,13_1992
6,13_1993
6,13_2084
2,13_2102
3,13_2192
4,13_2313
1,13_2320
0,13_2324
2,13_2333
4,13_234
5,13_2381
0,13_2420
4,13_2428
0,13_243
6,13_2436
0,13_2442
2,13_2463
6,13_2478
2,13_2548
4,13_2577
4,13_2601
4,13_2622
1,13_2627
2,13_2643
3,13_265
3,13_2718
2,13_2745
2,13_2790
5,13_2863
2,13_2874
6,13_2883
5,13_2915
3,13_2924
4,13_2928
4,13_2946
3,13_2953
0,13_305
5,13_3054
6,13_3077
6,13_308
3,13_3082
0,13_3114
4,13_312
3,13_3134
4,13_3166
4,13_3185
2,13_3189
5,13_3202
5,13_3220
1,13_3233
4,13_3308
5,13_3327
1,13_3329
4,13_3349
0,13_3361
1,13_3367
2,13_3387
5,13_3388
2,13_3401
3,13_3482
0,13_3548
2,13_3641
5,13_3682
2,13_3706
4,13_3727
3,13_375
5,13_390
2,13_3912
3,13_395
5,13_4003
2,13_4015
1,13_4018
4,13_4066
4,13_4085
6,13_4091
6,13_41
2,13_4112
5,13_4146
5,13_4151
4,13_4165
0,13_4213
3,13_4225
2,13_4242
4,13_4261
4,13_4333
2,13_4397
4,13_443
4,13_4433
6,13_445
4,13_4606
3,13_4624
2,13_4635
0,13_4638
1,13_4647
6,13_4663
4,13_4681
5,13_4721
0,13_4746
5,13_4776
5,13_4799
5,13_4828
3,13_4862
3,13_4877
0,13_4935
4,13_4972
1,13_4999
4,13_5036
0,13_5065
5,13_5067
4,13_5081
2,13_5093
5,13_5144
4,13_5146
2,13_5160
6,13_5186
4,13_521
6,13_5236
1,13_5241
5,13_5246
5,13_5303
0,13_5329
4,13_5334
4,13_539
3,13_5401
6,13_5418
2,13_5458
5,13_5477
5,13_5484
4,13_5507
4,13_5510
5,13_5518
5,13_5549
5,13_5567
6,13_5579
4,13_5585
2,13_5586
2,13_5589
0,13_5592
4,13_5615
6,13_5624
3,13_5671
4,13_5688
2,13_5724
0,13_5747
6,13_5768
4,13_5802
5,13_582
4,13_5848
0,13_5871
2,13_5879
5,13_5906
1,13_5907
6,13_5923
4,13_6000
6,13_601
6,13_6022
3,13_6068
4,13_618
6,13_6192
4,13_6231
5,13_6248
6,13_6379
2,13_6392
6,13_6436
2,13_6461
4,13_647
2,13_6518
1,13_6521
4,13_6555
3,13_660
4,13_6652
4,13_6669
4,13_6704
0,13_6748
6,13_6775
4,13_6777
4,13_6784
4,13_6814
2,13_6827
2,13_6857
5,13_6863
2,13_6896
4,13_6926
4,13_6979
4,13_7013
2,13_7019
4,13_7030
0,13_7064
5,13_7065
3,13_7100
2,13_7120
1,13_716
4,13_7162
0,13_7172
3,13_7181
4,13_7182
0,13_7188
1,13_7283
4,13_7308
4,13_7338
5,13_735
2,13_7356
6,13_7365
4,13_7388
4,13_7398
2,13_741
6,13_7440
4,13_7467
0,13_7496
4,13_7532
5,13_7627
4,13_7633
5,13_7664
6,13_7709
5,13_7735
0,13_7736
3,13_7748
4,13_7751
2,13_7766
3,13_7807
4,13_7824
5,13_7853
4,13_7889
4,13_792
5,13_7925
6,13_7985
0,13_8027
4,13_8089
4,13_8097
4,13_8146
1,13_8158
5,13_8163
6,13_8242
5,13_8302
3,13_8313
2,13_8315
4,13_8319
2,13_8362
4,13_838
1,13_8385
4,13_8411
6,13_8431
4,13_8458
2,13_8475
5,13_8487
2,13_8552
6,13_8553
4,13_857
2,13_8587
4,13_8598
4,13_8608
4,13_8617
4,13_8623
3,13_8667
0,13_8673
4,13_8735
4,13_8744
4,13_8750
5,13_8752
2,13_8781
6,13_8831
4,13_8842
2,13_8845
5,13_8916
5,13_8929
6,13_8946
5,13_8958
6,13_8962
4,13_897
4,13_8978
4,13_9082
0,13_9090
0,13_9117
3,13_9151
2,13_9167
4,13_924
6,13_9247
4,13_9254
0,13_9269
5,13_9304
6,13_9310
2,13_9323
5,13_9327
0,13_9336
5,13_934
4,13_9343
0,13_939
5,13_9423
6,13_9436
2,13_9449
2,13_9463
6,13_9475
6,13_9480
4,13_9493
4,13_9508
5,13_9518
1,13_9536
5,13_954
3,13_9594
0,13_9613
5,13_9629
4,13_9630
2,13_9674
3,13_970
4,13_9700
4,13_9708
5,13_9745
2,13_980
5,13_9846
4,13_9863
0,13_9866
3,13_9868
6,13_989
4,13_9905
2,13_9908
6,13_9923
4,13_9941
6,13_9969
0,13_9981
6,13_9994
2,13_9995
2,14_1000
4,14_1005
4,14_1029
6,14_108
4,14_1080
4,14_1082
4,14_11
2,14_1101
4,14_1135
4,14_1210
5,14_1218
0,14_1227
3,14_1278
6,14_1294
5,14_1327
0,14_1342
4,14_1346
3,14_1347
5,14_1350
0,14_138
4,14_1382
1,14_1400
3,14_1507
5,14_1524
4,14_1562
6,14_1624
6,14_1697
0,14_1703
4,14_1706
6,14_1707
4,14_1745
4,14_175
6,14_1822
2,14_1837
0,14_1840
4,14_1848
5,14_1851
3,14_188
2,14_1910
2,14_1913
0,14_192
5,14_1923
0,14_2000
5,14_2001
2,14_2043
4,14_2093
4,14_214
4,14_2147
4,14_2186
3,14_2224
4,14_2227
4,14_2263
0,14_228
4,14_2289
4,14_2351
6,14_2467
6,14_2644
4,14_2648
0,14_2681
3,14_2729
5,14_2763
4,14_2787
6,14_2846
2,14_2865
4,14_2907
4,14_2936
4,14_2937
3,14_2963
4,14_2976
4,14_3006
4,14_3086
4,14_311
4,14_3136
3,14_3164
4,14_3190
5,14_3204
2,14_3207
2,14_3246
2,14_325
6,14_3285
2,14_3345
0,14_3394
6,14_3433
5,14_3568
3,14_3575
4,14_363
0,14_3645
3,14_3722
4,14_374
2,14_3768
0,14_3887
6,14_3889
4,14_3899
4,14_3914
4,14_3925
4,14_3979
0,14_4029
0,14_4047
2,14_4090
4,14_4123
0,14_415
2,14_4190
5,14_4301
2,14_4306
4,14_4337
4,14_4366
0,14_4373
6,14_4382
3,14_4396
0,14_4541
4,14_4571
3,14_4617
0,14_4630
5,14_4651
4,14_4666
2,14_4685
4,14_4744
0,14_4771
4,14_4785
2,14_4858
2,14_4863
4,14_4867
4,14_4909
3,14_4931
5,14_4941
2,14_4976
5,14_4998
4,14_504
1,14_5049
5,14_5100
0,14_5164
1,14_5182
2,14_5201
4,14_523
4,14_5248
0,14_5282
0,14_5344
2,14_5399
6,14_5450
4,14_5503
0,14_5526
0,14_5555
4,14_5605
1,14_5611
6,14_5623
0,14_5636
2,14_567
4,14_5694
5,14_5696
4,14_5708
4,14_571
0,14_5713
5,14_5782
5,14_5793
0,14_5811
4,14_5820
4,14_5878
2,14_5893
5,14_5977
5,14_5984
5,14_5991
6,14_5996
4,14_6052
5,14_6092
2,14_6106
2,14_6111
0,14_6144
4,14_6163
5,14_6208
4,14_6214
4,14_6218
4,14_627
3,14_6286
5,14_636
0,14_6367
5,14_6417
4,14_6422
5,14_6524
4,14_6572
4,14_6590
6,14_6607
6,14_6682
0,14_6726
6,14_6744
6,14_6872
2,14_6875
2,14_6888
2,14_689
4,14_6932
3,14_6936
4,14_6939
4,14_6959
3,14_70
0,14_701
4,14_7027
5,14_7047
6,14_7061
2,14_7066
6,14_7153
2,14_7176
0,14_7243
4,14_725
6,14_7343
1,14_739
2,14_7434
5,14_7435
4,14_7454
2,14_750
0,14_7602
5,14_7621
4,14_7702
2,14_7732
0,14_7825
4,14_7909
2,14_7963
0,14_7965
4,14_7975
5,14_7983
3,14_7990
5,14_8034
0,14_8046
0,14_8101
1,14_816
0,14_8201
1,14_8273
2,14_8296
2,14_8306
5,14_8391
4,14_8396
2,14_8405
5,14_8448
0,14_8549
5,14_864
6,14_8665
2,14_8677
4,14_8691
4,14_8704
4,14_8708
4,14_8839
6,14_8856
5,14_8860
6,14_8861
3,14_8940
2,14_8976
4,14_8979
3,14_9003
6,14_9025
6,14_9032
5,14_9037
4,14_9185
4,14_919
4,14_9198
6,14_9220
0,14_9225
4,14_9373
4,14_9417
4,14_9464
4,14_9478
3,14_9498
6,14_9501
6,14_9511
4,14_9542
2,14_9584
4,14_9600
3,14_9619
4,14_9671
4,14_9673
5,14_9704
0,14_9808
4,14_9823
4,14_9852
3,14_9856
5,14_9900
6,14_9918
5,14_9939
5,15_100
6,15_1035
6,15_104
1,15_105
0,15_1089
6,15_1158
4,15_1167
5,15_1173
5,15_1230
1,15_1273
4,15_1276
2,15_1287
2,15_1324
4,15_1325
4,15_1352
5,15_1397
4,15_1399
6,15_1407
0,15_1413
4,15_1454
5,15_1494
3,15_1534
4,15_1589
6,15_1664
6,15_1754
4,15_1823
5,15_1844
3,15_1881
4,15_1895
4,15_19
6,15_1905
4,15_1909
2,15_191
4,15_1953
0,15_2039
4,15_2121
2,15_2138
2,15_2156
4,15_2167
4,15_220
5,15_2268
5,15_2367
0,15_2389
4,15_2398
2,15_2472
4,15_249
2,15_2492
6,15_2500
4,15_2521
0,15_2600
0,15_2634
6,15_2688
4,15_270
5,15_2703
2,15_2737
4,15_274
3,15_2746
4,15_2777
4,15_2778
3,15_2779
2,15_2808
0,15_2818
4,15_2825
0,15_2835
5,15_2857
4,15_2905
2,15_2993
3,15_3004
5,15_3039
4,15_3071
6,15_3097
4,15_3154
0,15_3170
5,15_321
3,15_3283
4,15_3337
2,15_3351
6,15_3380
4,15_3391
6,15_3411
5,15_3509
4,15_3517
4,15_3547
5,15_3555
4,15_3572
5,15_3576
4,15_3595
6,15_3601
3,15_3621
4,15_3690
3,15_3751
4,15_3756
4,15_3767
6,15_3773
4,15_3781
4,15_3838
4,15_3843
5,15_3870
2,15_3905
2,15_3935
4,15_3992
3,15_4039
0,15_410
5,15_4160
5,15_4172
6,15_4215
4,15_4216
2,15_4228
4,15_4230
2,15_425
2,15_4282
4,15_4299
0,15_432
5,15_434
3,15_4344
2,15_4375
4,15_440
3,15_4430
6,15_4437
0,15_4451
5,15_446
4,15_4488
4,15_4498
4,15_4561
4,15_4631
4,15_4673
4,15_4691
4,15_471
4,15_4712
0,15_4743
4,15_4756
4,15_4798
2,15_484
4,15_4869
4,15_4894
6,15_4906
5,15_4922
4,15_4991
4,15_4997
6,15_5010
3,15_5123
4,15_5125
0,15_5168
4,15_5287
4,15_5345
6,15_5369
4,15_5402
4,15_5474
4,15_5565
0,15_5665
6,15_5666
5,15_5710
6,15_5763
4,15_5829
2,15_5846
6,15_5921
4,15_5964
0,15_5976
2,15_6029
4,15_607
5,15_6159
4,15_6204
5,15_6285
6,15_6400
6,15_6409
5,15_6433
5,15_6450
6,15_6463
3,15_6486
4,15_6493
6,15_6502
0,15_6559
4,15_6616
4,15_6619
0,15_6636
0,15_6646
6,15_6752
3,15_6782
4,15_6818
4,15_6855
4,15_6869
4,15_6951
4,15_7007
5,15_7017
4,15_7134
5,15_7158
0,15_717
3,15_7171
3,15_7186
4,15_7211
4,15_7285
5,15_7300
2,15_7311
4,15_7315
5,15_7319
3,15_7366
5,15_7437
2,15_7528
4,15_7564
0,15_7578
3,15_7610
5,15_7622
0,15_7648
4,15_7715
0,15_7804
4,15_7811
4,15_7826
5,15_7882
4,15_7917
4,15_7929
0,15_8014
4,15_8015
0,15_8045
5,15_8060
4,15_8071
4,15_8105
5,15_8114
6,15_8206
0,15_8219
4,15_8257
4,15_8277
1,15_8363
4,15_8437
2,15_8439
4,15_8502
2,15_8513
6,15_8514
0,15_8541
6,15_8573
2,15_8601
2,15_8607
4,15_8621
4,15_8633
0,15_8651
4,15_8656
3,15_8683
2,15_8700
4,15_8745
4,15_8764
5,15_8840
3,15_8846
4,15_8855
1,15_89
4,15_8902
3,15_8914
0,15_896
4,15_8969
3,15_898
0,15_8991
0,15_8992
0,15_9000
4,15_9034
4,15_9103
4,15_9106
1,15_9165
6,15_918
2,15_9196
4,15_9292
5,15_9322
0,15_9340
2,15_9355
4,15_938
3,15_9395
4,15_94
0,15_9420
6,15_9546
5,15_9551
4,15_9588
5,15_9631
2,15_9682
4,15_9750
3,15_9854
4,15_9858
6,15_9873
4,15_9920
5,15_9973
2,15_9978
3,16_1031
4,16_1117
5,16_1118
5,16_1127
5,16_1151
4,16_1224
5,16_1253
4,16_1266
5,16_1275
2,16_1279
6,16_1339
3,16_1365
2,16_1366
0,16_14
5,16_1402
6,16_1405
4,16_1425
4,16_144
5,16_146
4,16_1471
4,16_1486
3,16_1496
0,16_15
3,16_1520
3,16_1521
2,16_1526
6,16_155
3,16_1561
1,16_1592
3,16_1608
0,16_1621
0,16_1625
4,16_1630
4,16_1645
5,16_1646
4,16_1659
6,16_1673
2,16_1774
4,16_1778
4,16_1806
6,16_1810
3,16_1889
6,16_1894
3,16_1902
5,16_1922
6,16_1954
4,16_1972
4,16_1976
4,16_1983
3,16_2040
3,16_2064
5,16_2071
4,16_2088
1,16_2163
4,16_2199
3,16_2209
4,16_2242
4,16_2250
2,16_2294
2,16_2329
2,16_2337
6,16_2429
2,16_2452
4,16_2458
2,16_2475
4,16_2518
4,16_2663
5,16_2667
0,16_2717
2,16_2730
0,16_2748
5,16_2769
0,16_2902
4,16_2934
4,16_2938
0,16_295
4,16_2955
4,16_2957
2,16_297
0,16_2973
4,16_3057
5,16_3113
4,16_3123
3,16_313
6,16_3132
2,16_3168
6,16_3173
5,16_3217
5,16_3260
4,16_3276
4,16_3281
2,16_3284
5,16_3317
4,16_3356
4,16_3360
5,16_3397
4,16_3416
5,16_3420
0,16_3472
4,16_3504
3,16_3566
6,16_3598
5,16_3609
4,16_3630
4,16_3802
2,16_3829
5,16_3845
4,16_3857
6,16_39
4,16_3902
6,16_3907
4,16_3976
2,16_3977
4,16_3980
4,16_3994
4,16_4000
5,16_4006
1,16_4058
5,16_4063
4,16_4081
0,16_4093
4,16_4096
6,16_4105
2,16_4137
4,16_4156
1,16_4159
3,16_4195
4,16_4204
3,16_4236
4,16_4258
2,16_4326
4,16_4439
5,16_4470
2,16_4481
0,16_4489
5,16_4493
6,16_4499
4,16_4503
1,16_4508
6,16_4510
3,16_4553
1,16_4568
2,16_4589
2,16_4602
3,16_4611
0,16_4710
4,16_4773
3,16_4775
4,16_4842
2,16_487
2,16_4875
0,16_4977
0,16_4989
5,16_5018
4,16_5025
5,16_5064
4,16_5091
6,16_5097
4,16_5151
4,16_5211
6,16_5254
2,16_5296
0,16_5327
4,16_5328
4,16_5373
4,16_5386
0,16_5388
4,16_5429
6,16_5578
2,16_559
5,16_5612
5,16_576
4,16_580
5,16_5817
4,16_5821
2,16_5863
4,16_587
0,16_5916
4,16_5963
4,16_597
1,16_6018
4,16_6202
6,16_622
5,16_6228
0,16_6249
2,16_6250
4,16_6262
3,16_6276
3,16_6278
5,16_6279
4,16_6281
4,16_6292
4,16_6307
4,16_6314
4,16_6331
3,16_6333
6,16_6354
4,16_6356
6,16_6395
6,16_6413
6,16_6426
0,16_6434
4,16_6473
4,16_652
2,16_6520
4,16_6584
4,16_6588
5,16_6603
4,16_6670
5,16_6724
4,16_6753
3,16_6755
4,16_6764
4,16_6768
2,16_6808
3,16_6871
2,16_6883
4,16_6924
4,16_6949
5,16_7009
0,16_7033
6,16_7116
2,16_7128
4,16_7136
5,16_7183
3,16_7191
5,16_7220
3,16_7236
0,16_7287
2,16_7288
6,16_7292
4,16_730
4,16_7304
4,16_7383
2,16_744
3,16_7461
5,16_7482
6,16_7595
4,16_76
5,16_7653
5,16_7667
4,16_7770
4,16_7866
4,16_7881
2,16_7900
1,16_7939
1,16_795
6,16_7958
3,16_8003
5,16_8030
3,16_8038
5,16_8044
0,16_8059
5,16_8072
4,16_8109
2,16_8144
4,16_8148
2,16_8159
4,16_8173
4,16_8181
4,16_8213
6,16_8238
4,16_8276
5,16_8291
3,16_8294
4,16_8297
5,16_8305
2,16_836
4,16_8398
2,16_8430
5,16_8465
4,16_8493
4,16_8498
4,16_8499
5,16_8531
6,16_8577
4,16_8585
2,16_8636
0,16_8666
5,16_8679
5,16_8743
1,16_8819
4,16_8835
4,16_8878
5,16_8891
5,16_8975
2,16_8986
4,16_8994
4,16_9
0,16_9011
6,16_9031
2,16_914
4,16_9146
0,16_9162
2,16_9168
5,16_9188
1,16_9218
4,16_9309
1,16_9329
4,16_9422
4,16_945
4,16_9466
1,16_9469
4,16_9505
4,16_9538
4,16_9557
2,16_9568
4,16_9605
4,16_9625
1,16_963
5,16_9652
4,16_9658
2,16_9676
1,16_971
4,16_9714
0,16_9787
2,16_9791
2,16_9792
0,16_9812
3,16_9832
4,16_9844
6,16_9877
5,16_9906
2,16_999
4,17_1076
4,17_1115
4,17_1143
4,17_1148
4,17_1201
4,17_1212
4,17_1280
2,17_1320
3,17_141
2,17_1410
4,17_1414
3,17_1429
4,17_1586
0,17_1609
0,17_164
5,17_1760
0,17_186
2,17_1897
3,17_2012
4,17_2025
4,17_204
0,17_2042
6,17_2082
6,17_2161
4,17_2174
4,17_2193
4,17_2277
4,17_2384
5,17_2437
4,17_2445
2,17_2451
5,17_251
4,17_2564
2,17_2567
3,17_262
0,17_2628
4,17_2630
4,17_2687
4,17_2689
2,17_2784
6,17_2807
5,17_2848
4,17_288
0,17_2908
5,17_3063
6,17_3078
4,17_3143
2,17_3146
5,17_3196
2,17_3198
6,17_3211
2,17_3228
4,17_3230
2,17_3245
2,17_3249
5,17_3250
4,17_3266
3,17_3298
5,17_3340
2,17_3343
5,17_342
4,17_3423
4,17_3428
2,17_3439
5,17_3469
4,17_3493
4,17_3506
4,17_351
5,17_3597
4,17_360
1,17_3615
0,17_3666
5,17_3686
0,17_371
1,17_3715
2,17_3740
4,17_3824
4,17_3856
5,17_3922
6,17_3988
5,17_4116
2,17_4135
4,17_4315
4,17_4362
6,17_438
5,17_4426
4,17_4454
4,17_4486
2,17_4527
4,17_4566
5,17_4634
5,17_4745
4,17_4751
5,17_4849
0,17_4927
5,17_4938
4,17_4967
6,17_4969
5,17_501
4,17_5166
2,17_52
4,17_5212
4,17_5237
5,17_5256
4,17_5265
0,17_53
4,17_5370
5,17_5374
2,17_5395
1,17_5398
0,17_5485
4,17_5542
4,17_5551
4,17_5552
5,17_5561
0,17_5577
4,17_5601
6,17_5616
3,17_5647
3,17_5667
4,17_5685
2,17_5815
0,17_5902
5,17_5903
1,17_5931
4,17_596
0,17_5998
2,17_6032
0,17_6077
4,17_6135
0,17_6154
4,17_6247
4,17_6269
4,17_628
5,17_6342
4,17_6351
4,17_6352
3,17_6360
4,17_6388
6,17_6435
0,17_6534
2,17_6538
5,17_6545
5,17_662
2,17_6661
4,17_6819
4,17_7005
6,17_7010
2,17_704
5,17_7041
4,17_7145
6,17_7164
4,17_7195
3,17_7227
2,17_7254
1,17_7374
0,17_7378
0,17_7401
1,17_7449
5,17_7452
0,17_746
4,17_7465
0,17_7475
3,17_7476
4,17_7490
4,17_7536
2,17_7565
5,17_765
4,17_767
4,17_7683
4,17_7761
5,17_7786
6,17_780
5,17_7864
3,17_7896
6,17_7935
2,17_7964
3,17_7969
2,17_7978
1,17_8
4,17_8019
3,17_8021
5,17_8039
2,17_8055
4,17_807
3,17_8110
4,17_8241
4,17_83
0,17_8395
6,17_8453
5,17_8483
5,17_8536
2,17_8660
1,17_8680
6,17_872
4,17_8738
4,17_8758
0,17_8778
4,17_8814
1,17_8866
0,17_8935
0,17_9026
6,17_9051
3,17_9063
4,17_9087
2,17_91
4,17_9137
2,17_915
4,17_9170
6,17_9207
2,17_9238
6,17_9252
6,17_9282
5,17_9321
6,17_9351
4,17_9406
4,17_9409
3,17_946
0,17_9486
0,17_9509
2,17_9525
4,17_9618
4,17_9622
2,17_965
4,17_9817
4,17_9837
3,17_9887
0,17_9919
5,17_9929
5,17_9985
3,18_1066
5,18_1077
4,18_1107
0,18_112
4,18_1142
5,18_1198
4,18_1223
3,18_1258
4,18_1295
2,18_1296
4,18_1417
5,18_1426
4,18_1433
2,18_1456
0,18_1462
2,18_1529
4,18_1548
5,18_1554
0,18_1593
2,18_1685
4,18_169
4,18_1768
4,18_1800
0,18_1808
2,18_1940
3,18_1979
2,18_2073
1,18_2080
4,18_210
4,18_2223
6,18_2269
4,18_2430
4,18_2469
3,18_2579
2,18_2583
4,18_2713
2,18_294
5,18_3026
5,18_3092
4,18_3105
2,18_3116
4,18_3118
4,18_3121
6,18_3195
0,18_323
6,18_3256
5,18_3357
2,18_3405
2,18_3426
4,18_3435
6,18_3455
0,18_3456
5,18_3485
5,18_3487
4,18_3495
4,18_356
1,18_3573
4,18_3616
2,18_3629
2,18_3709
5,18_3710
4,18_3712
4,18_373
2,18_3769
4,18_3786
4,18_3810
4,18_3842
0,18_3891
6,18_3942
5,18_4002
4,18_4008
3,18_4011
2,18_404
5,18_4109
4,18_4118
5,18_4296
4,18_4304
4,18_4316
2,18_4336
4,18_4497
5,18_4500
2,18_4509
0,18_456
1,18_4587
2,18_4620
0,18_4643
3,18_468
4,18_4687
4,18_4697
6,18_4714
1,18_4720
4,18_4734
4,18_4800
3,18_4809
4,18_4880
3,18_49
2,18_4918
5,18_494
4,18_4951
4,18_4956
4,18_497
1,18_4975
5,18_5043
3,18_5107
4,18_5174
2,18_5235
3,18_5245
5,18_5263
4,18_5272
6,18_5320
4,18_5379
4,18_5394
4,18_5490
3,18_5491
3,18_5530
3,18_5535
3,18_5600
6,18_5660
6,18_5682
4,18_5684
4,18_5767
4,18_5813
4,18_5860
4,18_5912
4,18_5959
4,18_5969
3,18_6009
4,18_6125
4,18_6150
4,18_6306
2,18_6361
5,18_6412
4,18_6498
4,18_6528
4,18_6579
0,18_6600
2,18_6649
4,18_672
2,18_6731
4,18_6734
4,18_6795
4,18_6911
0,18_6921
4,18_7021
5,18_7054
0,18_706
4,18_7077
4,18_7084
3,18_7137
4,18_7224
2,18_724
4,18_726
4,18_7278
4,18_7281
4,18_7426
4,18_7429
4,18_7436
2,18_7448
2,18_7478
4,18_7484
4,18_7555
5,18_7559
4,18_7599
4,18_7649
2,18_7654
4,18_7678
2,18_7685
4,18_7708
4,18_7716
3,18_7799
5,18_7865
2,18_7888
0,18_7905
4,18_7986
2,18_7991
4,18_7993
4,18_8002
3,18_8022
0,18_8112
4,18_8124
2,18_8127
4,18_8175
6,18_8185
6,18_8195
2,18_8203
4,18_8249
0,18_8275
0,18_8314
2,18_8353
5,18_8356
4,18_8364
4,18_8376
3,18_8423
2,18_8440
4,18_8477
2,18_8484
2,18_8543
4,18_8582
0,18_8618
5,18_8644
0,18_8657
2,18_8706
2,18_8783
3,18_8807
4,18_891
4,18_8912
5,18_8947
2,18_8965
5,18_9018
5,18_9042
2,18_9049
4,18_9071
5,18_9157
4,18_9197
4,18_9203
4,18_9204
2,18_9293
5,18_9370
6,18_9435
4,18_9446
5,18_9537
6,18_9560
4,18_9576
4,18_96
4,18_9635
2,18_9650
4,18_9764
5,18_9847
0,18_9911
4,18_9915
4,18_9983
4,18_9990
6,18_9996
4,19_1003
4,19_1159
6,19_1306
4,19_1307
5,19_1367
3,19_1379
0,19_1419
4,19_1420
0,19_1744
5,19_1876
4,19_1961
5,19_197
4,19_2033
6,19_2041
4,19_212
6,19_2145
3,19_2164
4,19_2185
0,19_2225
0,19_2308
4,19_2317
6,19_2397
0,19_2431
0,19_2439
3,19_245
1,19_2490
4,19_2505
4,19_2512
4,19_252
3,19_2523
5,19_258
1,19_2603
0,19_2629
4,19_2647
4,19_2653
0,19_2668
0,19_2736
6,19_2753
0,19_2781
4,19_2840
6,19_2855
3,19_3001
3,19_3033
5,19_3089
4,19_3290
0,19_3325
3,19_3425
6,19_3473
3,19_3599
4,19_3750
4,19_3820
2,19_3877
3,19_3896
5,19_3943
4,19_4054
5,19_4101
6,19_4125
5,19_4259
2,19_4265
3,19_4300
4,19_4327
2,19_4409
4,19_4413
3,19_4420
2,19_4535
6,19_4683
2,19_4813
6,19_4847
3,19_4857
4,19_4896
2,19_5004
1,19_5087
6,19_5161
3,19_5279
5,19_532
4,19_5321
5,19_535
6,19_5361
2,19_5368
2,19_5382
4,19_5595
4,19_5620
4,19_5627
2,19_5655
4,19_5805
3,19_5840
0,19_592
0,19_5972
3,19_6003
3,19_6075
5,19_6093
4,19_6126
1,19_613
4,19_6148
6,19_6158
4,19_6237
4,19_633
4,19_6340
6,19_6376
4,19_641
2,19_6411
4,19_6424
4,19_6456
4,19_6517
4,19_6650
4,19_6660
3,19_6806
6,19_6836
4,19_692
5,19_707
4,19_708
2,19_7104
4,19_712
5,19_7124
4,19_7178
2,19_7192
5,19_7252
1,19_7295
6,19_7332
3,19_7354
4,19_7389
0,19_7497
4,19_7563
3,19_7571
4,19_7587
0,19_770
2,19_7711
5,19_772
4,19_7738
1,19_7787
2,19_7802
2,19_7856
4,19_7955
5,19_8115
4,19_8128
4,19_8141
0,19_8151
1,19_8174
4,19_8192
0,19_8251
4,19_8342
5,19_8503
6,19_8508
6,19_8556
0,19_8703
4,19_9047
6,19_9089
6,19_9159
0,19_9172
6,19_9206
5,19_9232
4,19_9386
4,19_9402
6,19_9453
5,19_9467
6,19_9578
2,19_9611
1,19_9667
5,19_9669
1,19_9709
4,19_9717
4,19_9729
2,19_9753
5,19_9782
4,19_9809
0,19_9840
1,19_9962
0,19_9970
0,1_1006
5,1_1010
2,1_1021
2,1_1027
4,1_1030
0,1_1041
0,1_1050
2,1_1052
0,1_1056
0,1_106
5,1_1060
6,1_1068
6,1_107
0,1_1072
0,1_1075
0,1_1079
4,1_1084
1,1_1087
4,1_1092
2,1_110
5,1_1103
5,1_1104
0,1_111
4,1_1110
0,1_1111
4,1_113
0,1_1130
0,1_114
0,1_1144
0,1_1145
1,1_1147
0,1_1149
3,1_1150
2,1_1155
3,1_1156
0,1_1162
6,1_1165
2,1_1166
0,1_1172
0,1_1174
0,1_1181
0,1_1183
0,1_119
3,1_12
3,1_1207
3,1_1214
0,1_1221
1,1_1228
0,1_1229
1,1_1240
4,1_1241
0,1_1247
1,1_1249
0,1_1250
2,1_1259
6,1_126
5,1_1263
0,1_1268
0,1_1277
4,1_1281
0,1_1283
0,1_1284
6,1_1290
0,1_1291
0,1_1297
0,1_13
0,1_1310
0,1_1314
3,1_1316
5,1_1328
0,1_1331
0,1_1333
4,1_1338
2,1_1344
3,1_1348
6,1_1360
5,1_1363
3,1_1369
0,1_137
0,1_1375
3,1_1389
0,1_139
0,1_1391
0,1_1393
2,1_140
0,1_1406
0,1_1412
0,1_1423
2,1_1428
6,1_1436
0,1_1445
0,1_1448
0,1_1449
1,1_1459
6,1_1460
3,1_1472
0,1_1478
4,1_1479
6,1_1488
1,1_149
0,1_1490
1,1_1492
4,1_1506
6,1_1510
4,1_1528
5,1_1532
0,1_1536
3,1_1549
6,1_1550
6,1_1560
5,1_1566
5,1_1574
6,1_1585
5,1_1596
3,1_1598
3,1_161
4,1_1612
3,1_1615
3,1_1620
0,1_1626
0,1_1633
0,1_1638
0,1_1648
0,1_1649
0,1_1652
0,1_1657
0,1_1662
3,1_1663
1,1_1666
3,1_1667
0,1_1671
2,1_1674
0,1_1680
0,1_1689
5,1_1694
3,1_170
0,1_1709
1,1_1710
0,1_1714
3,1_1717
1,1_1720
0,1_1721
2,1_1724
1,1_1726
2,1_1735
0,1_1740
0,1_1743
0,1_1748
4,1_1753
0,1_1756
0,1_1769
4,1_177
5,1_1771
1,1_1772
6,1_1776
0,1_1777
3,1_1782
1,1_1783
4,1_1786
0,1_1789
0,1_179
0,1_1794
5,1_1813
4,1_1814
5,1_1824
4,1_1825
0,1_183
0,1_1831
3,1_1836
0,1_1841
0,1_1846
0,1_1847
0,1_185
4,1_1850
0,1_1852
3,1_1866
0,1_1871
3,1_1873
0,1_1884
3,1_1892
4,1_1893
4,1_1898
0,1_1907
0,1_1908
4,1_1911
4,1_1918
2,1_1920
3,1_1924
0,1_1929
6,1_1932
1,1_1937
1,1_1939
3,1_1946
5,1_1947
3,1_1951
4,1_1957
4,1_1962
6,1_1965
0,1_1970
0,1_198
1,1_1990
3,1_1995
6,1_2
5,1_201
2,1_2020
5,1_2028
6,1_2032
3,1_2035
0,1_2038
0,1_2046
1,1_2058
0,1_206
1,1_2060
0,1_2069
4,1_2078
6,1_2081
0,1_2085
6,1_2087
0,1_2089
6,1_2091
2,1_2097
0,1_2098
3,1_2100
1,1_2101
4,1_2103
3,1_211
6,1_2110
1,1_2116
4,1_2118
0,1_2119
1,1_2124
4,1_2127
0,1_2128
0,1_2131
1,1_2168
3,1_2170
3,1_2171
0,1_2173
0,1_2179
5,1_218
1,1_2196
0,1_22
0,1_2201
0,1_2210
3,1_2222
5,1_2226
5,1_2230
6,1_2232
4,1_2239
0,1_2240
2,1_225
6,1_2251
3,1_2257
0,1_2258
0,1_2259
2,1_226
3,1_2264
0,1_2266
1,1_2270
0,1_2275
0,1_2282
4,1_2284
0,1_2286
1,1_2296
5,1_2301
0,1_2302
0,1_2303
1,1_2306
0,1_2310
0,1_2312
3,1_2315
0,1_2316
0,1_2330
0,1_2334
0,1_2338
4,1_2339
0,1_2345
0,1_2346
0,1_2347
4,1_2352
0,1_2353
0,1_2359
4,1_236
0,1_2364
2,1_2365
0,1_2373
2,1_2379
0,1_2385
0,1_2387
0,1_2400
2,1_2411
4,1_2421
4,1_2433
1,1_2446
1,1_2448
0,1_2450
2,1_2454
6,1_2456
0,1_2460
0,1_2462
0,1_2468
4,1_2470
0,1_2473
0,1_2476
6,1_2479
4,1_2481
1,1_2482
2,1_2488
4,1_2489
0,1_2491
5,1_2493
0,1_2497
0,1_250
4,1_2510
0,1_2511
1,1_2519
0,1_2537
4,1_2538
0,1_254
0,1_2542
0,1_2543
0,1_2547
0,1_2551
5,1_2552
1,1_2553
0,1_2559
0,1_2572
1,1_2581
6,1_2592
1,1_2594
0,1_2597
0,1_2602
3,1_2604
0,1_2609
3,1_2615
1,1_2623
0,1_2624
3,1_2625
0,1_2626
0,1_2631
0,1_2636
0,1_2637
4,1_2642
0,1_2646
1,1_2649
0,1_2655
6,1_2656
4,1_266
5,1_2660
3,1_2664
0,1_2665
4,1_2670
4,1_2672
0,1_2673
3,1_2676
0,1_2677
4,1_2680
3,1_2682
0,1_2684
0,1_2690
4,1_2694
0,1_2696
0,1_2699
0,1_2708
0,1_271
5,1_2710
1,1_2712
0,1_2715
2,1_2719
0,1_2722
3,1_2723
0,1_2728
0,1_273
2,1_2740
3,1_275
1,1_2752
0,1_2759
3,1_2764
0,1_2770
0,1_2774
0,1_278
4,1_2780
1,1_2789
3,1_2795
6,1_2801
1,1_2803
1,1_2805
3,1_2809
4,1_281
4,1_2811
0,1_2820
1,1_2823
0,1_2847
4,1_2852
0,1_2856
0,1_2873
3,1_2875
0,1_2876
1,1_2878
6,1_2879
1,1_2880
0,1_2881
0,1_2885
2,1_2889
0,1_2891
4,1_2892
0,1_2894
0,1_2895
4,1_29
2,1_2900
5,1_2922
0,1_2923
3,1_2925
5,1_2927
3,1_2929
0,1_2940
1,1_2941
1,1_2942
0,1_2944
0,1_2951
4,1_2952
0,1_2954
4,1_2958
5,1_2962
0,1_2967
2,1_2968
0,1_2970
0,1_2979
1,1_298
0,1_2982
4,1_2988
1,1_2999
0,1_3000
0,1_3003
4,1_3005
0,1_3008
0,1_3011
4,1_3015
4,1_3017
6,1_3018
0,1_3019
4,1_302
4,1_3022
0,1_3023
1,1_3024
5,1_3029
0,1_3032
4,1_3034
4,1_3045
0,1_3047
2,1_3049
2,1_3052
4,1_306
4,1_3062
1,1_3067
0,1_3072
0,1_3074
0,1_3083
3,1_3094
4,1_3095
5,1_310
1,1_3100
1,1_3110
0,1_3117
1,1_3125
0,1_3126
0,1_3127
1,1_3129
4,1_3130
0,1_3131
5,1_3139
6,1_3140
1,1_3141
0,1_3142
1,1_3145
0,1_3160
5,1_3167
3,1_317
4,1_3179
0,1_3191
0,1_3193
4,1_3194
4,1_320
0,1_3203
4,1_3205
0,1_3209
0,1_3213
1,1_322
0,1_3222
0,1_3229
5,1_3231
0,1_3243
5,1_3247
0,1_3248
0,1_3255
0,1_3269
3,1_327
6,1_3273
6,1_3274
0,1_3280
0,1_3288
0,1_3289
4,1_3293
4,1_3294
0,1_3297
1,1_3301
0,1_3307
4,1_3309
4,1_3311
4,1_3319
4,1_332
1,1_3323
0,1_3338
0,1_3344
4,1_3350
0,1_3355
0,1_3362
0,1_337
0,1_3376
3,1_3385
0,1_3386
4,1_3390
0,1_3396
5,1_34
1,1_3402
6,1_3407
4,1_3408
5,1_3410
6,1_3412
4,1_3418
1,1_3419
4,1_3421
3,1_3422
1,1_3427
4,1_3429
0,1_3442
0,1_3448
0,1_3449
5,1_345
0,1_346
2,1_3463
1,1_3468
0,1_347
4,1_3474
0,1_3475
0,1_3476
4,1_3477
1,1_3480
2,1_349
5,1_3496
4,1_3498
1,1_3499
4,1_3502
2,1_3507
2,1_3510
3,1_3519
0,1_3524
0,1_3526
0,1_3527
4,1_3529
0,1_3533
4,1_3537
0,1_3538
0,1_3540
0,1_3549
4,1_3557
0,1_3560
5,1_3562
6,1_3570
3,1_3579
0,1_358
0,1_3580
0,1_3581
0,1_3582
4,1_3583
2,1_3588
0,1_3591
0,1_3602
1,1_3612
6,1_3614
0,1_3619
0,1_3627
0,1_3628
2,1_3632
4,1_3636
6,1_3640
1,1_3642
0,1_3648
1,1_3649
0,1_3655
2,1_3657
0,1_3659
4,1_3667
1,1_3668
5,1_3669
1,1_3670
0,1_3673
3,1_3681
2,1_3688
0,1_3693
1,1_3698
3,1_3699
5,1_3700
0,1_3702
4,1_3707
3,1_3708
0,1_3711
0,1_3720
0,1_3728
1,1_3729
3,1_3741
0,1_3742
0,1_3744
0,1_3752
0,1_3754
0,1_376
4,1_3762
4,1_3764
0,1_377
2,1_3775
0,1_3782
1,1_3787
0,1_3793
5,1_3794
6,1_3795
0,1_3796
4,1_3801
5,1_3803
3,1_3807
3,1_3808
4,1_3816
6,1_3818
3,1_3819
0,1_3821
0,1_3822
5,1_3825
2,1_3826
5,1_383
0,1_3830
4,1_3832
1,1_3835
0,1_3846
0,1_3853
3,1_3854
0,1_386
1,1_3866
5,1_387
4,1_3873
2,1_3874
0,1_3884
0,1_3890
4,1_3893
0,1_3903
0,1_3906
4,1_3915
1,1_3926
1,1_3930
3,1_3937
1,1_3939
0,1_3940
0,1_3948
4,1_3950
0,1_3955
0,1_3962
6,1_3964
2,1_3966
4,1_3967
0,1_3969
6,1_3970
5,1_3982
2,1_3983
0,1_3987
4,1_399
4,1_3997
4,1_40
2,1_4001
0,1_4012
1,1_4021
1,1_4023
0,1_4024
0,1_4036
4,1_4037
2,1_4038
0,1_4045
3,1_4046
0,1_4053
0,1_4056
0,1_4061
0,1_4064
6,1_4065
0,1_4069
4,1_4074
3,1_408
3,1_4082
1,1_4084
0,1_409
3,1_4103
3,1_4107
3,1_411
1,1_4111
2,1_4117
1,1_4119
6,1_4120
0,1_4124
4,1_413
0,1_4136
5,1_4139
4,1_4147
2,1_4155
6,1_4168
5,1_4169
0,1_4175
4,1_4176
0,1_418
0,1_4180
0,1_4191
5,1_4192
4,1_4194
5,1_42
2,1_420
0,1_4201
0,1_4208
0,1_4209
0,1_4220
4,1_4222
0,1_4229
0,1_4234
4,1_4241
4,1_4245
4,1_4249
3,1_4252
0,1_4253
5,1_4257
5,1_4262
1,1_4267
2,1_4270
3,1_4275
0,1_4276
0,1_4283
3,1_4288
5,1_429
0,1_4294
6,1_4308
6,1_431
2,1_4312
0,1_4314
4,1_4317
3,1_4319
1,1_4320
6,1_4321
0,1_4341
0,1_4342
0,1_435
4,1_4358
5,1_4369
3,1_4376
5,1_4380
4,1_4385
0,1_4391
6,1_4404
3,1_441
0,1_4416
3,1_4427
0,1_4431
0,1_4435
6,1_4440
0,1_4442
0,1_4446
3,1_4455
1,1_4464
3,1_4466
0,1_4467
0,1_447
4,1_4473
3,1_4476
3,1_4477
0,1_4478
0,1_4479
0,1_4484
0,1_4487
0,1_4491
5,1_4494
4,1_4501
2,1_4504
5,1_4507
0,1_451
4,1_4515
6,1_4516
4,1_4529
4,1_453
6,1_4532
4,1_4537
0,1_4542
0,1_4543
0,1_4555
3,1_4558
6,1_4562
0,1_4564
2,1_4569
1,1_4573
5,1_4575
0,1_4593
0,1_4594
0,1_4596
6,1_460
0,1_4610
4,1_462
1,1_4626
0,1_4628
2,1_463
1,1_4632
1,1_4637
0,1_4641
6,1_4644
1,1_4652
1,1_4658
3,1_4659
3,1_466
3,1_4660
0,1_4661
1,1_4668
5,1_4669
0,1_4672
4,1_4675
4,1_4677
0,1_4679
0,1_4682
4,1_4689
1,1_469
0,1_4693
4,1_4696
4,1_470
0,1_4701
1,1_4704
0,1_4718
4,1_4724
0,1_4728
0,1_4733
4,1_4739
0,1_4741
4,1_4742
0,1_4753
0,1_4758
1,1_4761
0,1_4762
0,1_4765
0,1_4766
0,1_4770
2,1_4774
0,1_4778
2,1_478
1,1_4783
0,1_4803
2,1_4807
0,1_4808
2,1_481
1,1_4816
3,1_4821
0,1_4825
5,1_4829
6,1_4839
0,1_4854
0,1_4864
3,1_4872
0,1_4873
4,1_4882
1,1_4884
0,1_4885
4,1_4888
0,1_4889
0,1_4898
0,1_490
5,1_4900
2,1_4919
6,1_4924
4,1_4926
0,1_4928
5,1_4930
5,1_4934
0,1_4944
2,1_4955
3,1_4957
6,1_4958
5,1_4962
0,1_4963
0,1_4964
5,1_4965
0,1_4966
1,1_4970
6,1_4979
4,1_498
0,1_4982
0,1_4984
5,1_4985
0,1_4992
2,1_4993
0,1_5000
0,1_5001
0,1_5005
0,1_5013
4,1_5021
4,1_5024
0,1_503
3,1_5045
3,1_5052
0,1_5055
1,1_5057
3,1_506
2,1_5061
0,1_5062
0,1_5063
1,1_5080
4,1_5082
2,1_5096
0,1_5099
3,1_51
3,1_5108
4,1_5114
1,1_5115
6,1_5121
4,1_513
0,1_5134
1,1_5136
4,1_5147
0,1_5157
4,1_5158
4,1_5159
1,1_516
4,1_5165
3,1_5167
1,1_517
0,1_5171
3,1_5173
1,1_5175
0,1_518
3,1_5180
5,1_5184
3,1_5188
4,1_5189
2,1_5190
0,1_5197
4,1_5213
6,1_5222
3,1_5224
0,1_5230
4,1_5231
4,1_5234
0,1_524
4,1_5242
1,1_5249
5,1_5253
0,1_5257
6,1_5258
4,1_5259
3,1_5269
5,1_5271
4,1_5278
0,1_5281
6,1_5283
0,1_5292
0,1_5302
0,1_5306
1,1_5317
4,1_5322
4,1_5325
4,1_533
0,1_5335
4,1_5347
0,1_5348
1,1_5349
0,1_5357
4,1_536
4,1_5360
0,1_537
0,1_5371
5,1_538
3,1_5381
0,1_5384
0,1_5390
1,1_5396
4,1_5400
0,1_5404
4,1_5406
4,1_5410
0,1_5412
5,1_5415
0,1_5416
0,1_542
0,1_5425
0,1_5432
1,1_5435
4,1_5437
0,1_5439
0,1_5447
1,1_5452
6,1_5454
0,1_5464
0,1_5468
0,1_547
5,1_5473
3,1_5478
0,1_5483
4,1_5486
5,1_5493
3,1_5499
0,1_5502
1,1_5506
0,1_5508
1,1_5514
0,1_552
1,1_5522
4,1_5528
6,1_553
5,1_5531
0,1_5533
4,1_5534
4,1_5538
2,1_5540
6,1_5546
5,1_5554
5,1_5556
0,1_5562
0,1_5563
0,1_557
0,1_5572
6,1_5574
0,1_5575
0,1_5576
3,1_5581
1,1_5591
4,1_5596
5,1_5598
0,1_56
0,1_5604
6,1_5618
0,1_5630
1,1_5631
2,1_5633
0,1_5641
0,1_5649
0,1_5652
3,1_5668
0,1_5670
4,1_5675
0,1_5680
0,1_5686
1,1_569
0,1_5691
4,1_5692
4,1_5695
0,1_5698
0,1_5699
4,1_5703
1,1_5704
0,1_5705
4,1_5707
5,1_5712
2,1_5715
5,1_572
4,1_5722
0,1_5723
1,1_5725
2,1_573
4,1_5733
1,1_5740
4,1_5742
5,1_5748
4,1_5749
0,1_5760
0,1_5761
0,1_5765
0,1_5769
4,1_5771
4,1_5776
0,1_578
4,1_5784
5,1_5788
6,1_579
4,1_5804
1,1_5806
0,1_5807
3,1_5809
0,1_581
2,1_5810
4,1_5812
0,1_5826
0,1_5828
0,1_5830
3,1_5833
0,1_5834
0,1_585
0,1_5850
0,1_5851
4,1_5854
4,1_5855
0,1_5859
0,1_586
1,1_5867
3,1_5870
0,1_5875
2,1_5882
0,1_5883
0,1_5886
0,1_5887
0,1_5891
0,1_590
0,1_5901
0,1_5908
0,1_5920
0,1_5924
3,1_593
0,1_5932
4,1_5939
0,1_594
0,1_5940
3,1_5942
2,1_5946
0,1_5947
2,1_5949
3,1_5954
0,1_5955
0,1_5958
4,1_5962
1,1_5967
4,1_5978
4,1_5988
4,1_5992
3,1_5993
1,1_6012
4,1_6014
2,1_6015
0,1_602
0,1_604
0,1_6040
3,1_6044
2,1_6048
0,1_605
0,1_6060
2,1_6073
0,1_6080
0,1_6081
0,1_609
4,1_6099
0,1_61
0,1_6102
1,1_6107
3,1_6116
3,1_612
0,1_6132
5,1_6136
0,1_6137
4,1_6143
6,1_6146
0,1_6156
6,1_6168
3,1_6172
1,1_6174
2,1_6175
1,1_6176
0,1_6184
0,1_6188
2,1_619
3,1_6191
2,1_6195
2,1_6198
2,1_6207
0,1_6209
4,1_621
1,1_6210
0,1_6215
4,1_6219
0,1_6221
0,1_6238
0,1_6239
0,1_624
6,1_6245
0,1_6265
5,1_6267
0,1_6273
0,1_6282
5,1_6295
3,1_6297
3,1_6302
4,1_6303
3,1_631
0,1_6312
6,1_6316
1,1_6320
5,1_6321
0,1_6325
0,1_6326
4,1_6327
3,1_6334
0,1_6337
2,1_6339
0,1_6346
0,1_6348
0,1_635
4,1_6350
3,1_6369
0,1_637
0,1_6372
5,1_6373
1,1_6374
4,1_638
1,1_6380
1,1_6384
1,1_6385
3,1_6387
1,1_6396
0,1_6397
4,1_6398
1,1_6405
4,1_6406
0,1_6410
4,1_6420
4,1_6428
1,1_6432
3,1_6440
3,1_6442
5,1_6448
1,1_645
1,1_6452
0,1_6458
0,1_6459
5,1_6462
0,1_6480
0,1_6481
0,1_6482
6,1_6491
4,1_6499
3,1_6505
2,1_6508
0,1_6516
4,1_6529
0,1_6531
0,1_6535
4,1_6536
1,1_6539
0,1_6540
4,1_6546
4,1_6552
5,1_6554
0,1_6567
0,1_6568
0,1_6569
1,1_657
1,1_6575
0,1_658
0,1_6585
4,1_6586
4,1_6592
0,1_6593
5,1_6594
0,1_6596
0,1_6601
1,1_6606
5,1_6609
5,1_6614
3,1_6620
4,1_6621
6,1_6630
0,1_6634
0,1_6641
4,1_6644
0,1_6662
0,1_6664
0,1_6666
5,1_6671
3,1_6672
0,1_6681
0,1_6683
4,1_6687
0,1_6688
4,1_669
1,1_670
0,1_6707
0,1_6710
0,1_6711
2,1_6714
0,1_6723
5,1_6727
4,1_6728
3,1_6729
0,1_6732
4,1_6735
1,1_674
3,1_6745
4,1_675
0,1_6757
0,1_676
6,1_6766
1,1_6772
6,1_6779
0,1_678
3,1_6780
4,1_6787
3,1_6791
0,1_6793
4,1_6796
0,1_6802
5,1_6804
0,1_6810
0,1_6820
1,1_6821
1,1_6829
0,1_6835
1,1_6856
0,1_6858
3,1_6859
0,1_6867
0,1_6878
2,1_6881
1,1_6884
5,1_6897
0,1_6900
3,1_6901
0,1_6905
0,1_691
4,1_6913
1,1_6914
2,1_6918
0,1_6920
3,1_6928
4,1_6929
6,1_6930
5,1_6933
0,1_6938
0,1_6948
0,1_6952
0,1_6955
4,1_6965
0,1_6967
4,1_6969
0,1_6973
4,1_6974
3,1_6977
3,1_6978
3,1_6980
3,1_6987
4,1_6988
4,1_699
0,1_6995
0,1_6997
0,1_6998
5,1_7
3,1_702
0,1_7028
0,1_7029
1,1_7032
0,1_7039
0,1_7040
4,1_7046
2,1_7048
6,1_7049
0,1_7055
0,1_7059
0,1_7063
1,1_7074
1,1_7075
1,1_7078
1,1_7085
3,1_709
3,1_7090
0,1_7098
4,1_71
2,1_7106
0,1_7107
0,1_7108
0,1_711
5,1_7111
1,1_7114
1,1_7115
1,1_7119
0,1_7121
4,1_7123
3,1_7126
6,1_7132
6,1_7135
0,1_714
0,1_7144
0,1_7159
1,1_7163
6,1_7170
0,1_7177
4,1_718
0,1_7185
0,1_7187
0,1_7190
1,1_7196
2,1_7206
6,1_7212
2,1_7213
0,1_7219
3,1_722
4,1_7229
3,1_723
0,1_7230
0,1_7242
0,1_7244
0,1_7246
0,1_7251
5,1_7255
0,1_7259
1,1_7263
4,1_7265
0,1_7270
1,1_7271
0,1_7272
0,1_7294
0,1_7296
4,1_7298
1,1_7303
3,1_7306
3,1_7307
0,1_7309
4,1_7310
1,1_7314
4,1_7318
1,1_7322
0,1_7324
6,1_7330
6,1_7333
4,1_7334
1,1_7340
6,1_7342
0,1_7350
1,1_7353
0,1_7358
4,1_7359
5,1_7367
5,1_738
1,1_7385
3,1_7386
0,1_742
0,1_7424
4,1_7439
0,1_7442
3,1_7443
5,1_7459
0,1_7464
0,1_7466
0,1_7474
4,1_7488
5,1_7491
0,1_7492
2,1_75
0,1_7502
0,1_7503
3,1_7504
6,1_7505
0,1_7508
6,1_7510
4,1_7513
5,1_752
0,1_7521
0,1_7526
2,1_7535
0,1_7549
0,1_7552
5,1_7566
0,1_758
4,1_7583
0,1_7588
4,1_7590
3,1_7592
4,1_7596
4,1_7611
0,1_7613
0,1_7614
2,1_7615
4,1_7616
4,1_7617
0,1_7619
1,1_7626
0,1_7628
3,1_7630
1,1_7634
5,1_7640
0,1_7642
4,1_7643
0,1_7657
4,1_7660
0,1_7668
3,1_7677
4,1_7686
6,1_7695
0,1_7696
3,1_77
0,1_7714
1,1_7717
0,1_7721
0,1_7723
0,1_7728
0,1_7729
1,1_7733
5,1_7741
5,1_7742
3,1_7746
3,1_7750
6,1_7754
4,1_7758
1,1_7759
1,1_776
4,1_7765
0,1_7773
0,1_7774
0,1_7778
4,1_7779
0,1_7780
4,1_7782
2,1_7790
4,1_7791
0,1_7795
5,1_7797
4,1_78
1,1_7808
0,1_781
0,1_7810
0,1_7812
0,1_7817
1,1_7818
0,1_7835
3,1_7837
0,1_7839
0,1_784
6,1_7841
4,1_786
2,1_7862
0,1_7867
0,1_787
0,1_7883
5,1_7886
1,1_789
0,1_7890
4,1_7891
0,1_7892
5,1_7899
0,1_7906
0,1_7907
5,1_7910
4,1_7912
0,1_7918
0,1_7920
2,1_7923
0,1_7924
0,1_7927
0,1_7937
0,1_7941
0,1_7951
3,1_7952
4,1_7956
0,1_7957
4,1_7976
5,1_798
4,1_7988
0,1_7989
3,1_7992
3,1_7994
5,1_7999
0,1_8004
4,1_801
0,1_8011
1,1_8025
2,1_8028
3,1_8029
0,1_803
0,1_8031
0,1_8048
4,1_8062
1,1_8074
1,1_8076
0,1_808
3,1_8083
3,1_8088
5,1_81
4,1_810
3,1_8106
0,1_8119
0,1_812
4,1_8122
0,1_8123
0,1_8126
0,1_8133
4,1_8134
0,1_8136
0,1_8138
1,1_8139
1,1_8149
0,1_815
4,1_8154
0,1_8156
0,1_8157
2,1_8164
3,1_8166
1,1_8180
0,1_8188
0,1_8190
4,1_8196
4,1_8200
4,1_8208
0,1_8215
1,1_8216
3,1_8218
6,1_8220
6,1_8221
4,1_8222
0,1_8223
2,1_8235
5,1_8236
2,1_824
4,1_8240
0,1_8255
1,1_8258
0,1_8259
0,1_8268
0,1_8271
4,1_8272
4,1_8278
0,1_8280
4,1_8281
0,1_8283
4,1_8287
0,1_8288
4,1_8290
0,1_8292
0,1_8293
0,1_8295
2,1_830
0,1_8303
3,1_8308
4,1_8310
4,1_8312
0,1_832
5,1_8323
2,1_8327
4,1_833
4,1_8331
1,1_8332
1,1_8347
1,1_8348
0,1_8350
1,1_8351
0,1_8358
4,1_837
0,1_8378
3,1_8387
2,1_8388
5,1_839
0,1_8390
0,1_8392
6,1_8393
4,1_8397
2,1_84
2,1_8401
1,1_8404
0,1_8406
3,1_8409
0,1_8410
1,1_8412
0,1_8422
5,1_8429
4,1_8449
0,1_8457
4,1_846
3,1_8461
1,1_8462
4,1_8466
4,1_847
4,1_8470
0,1_8479
0,1_8480
0,1_8485
0,1_8488
0,1_8497
4,1_85
0,1_8505
6,1_8511
5,1_8512
0,1_8519
0,1_8523
6,1_8525
2,1_8527
4,1_8533
3,1_8535
0,1_8539
4,1_854
2,1_8555
0,1_8557
2,1_8560
4,1_8562
1,1_8572
0,1_8592
0,1_86
1,1_8602
0,1_8606
0,1_8611
2,1_8619
3,1_8624
0,1_8625
6,1_8627
3,1_8628
2,1_8640
0,1_8642
1,1_8643
1,1_865
0,1_8669
0,1_8672
4,1_8676
0,1_868
2,1_869
3,1_8692
2,1_870
5,1_8702
0,1_8710
0,1_8716
1,1_8718
0,1_8739
5,1_875
0,1_8754
0,1_8755
0,1_876
1,1_8761
5,1_8763
2,1_8767
0,1_8769
0,1_877
2,1_8771
2,1_8774
0,1_8775
6,1_8776
1,1_8779
2,1_8782
0,1_8784
2,1_879
4,1_8791
3,1_8795
0,1_8797
5,1_88
2,1_8800
0,1_8809
5,1_8811
6,1_8821
6,1_8826
0,1_8832
3,1_8836
0,1_8852
0,1_8858
1,1_8868
0,1_887
5,1_8870
0,1_8872
0,1_8876
1,1_8877
3,1_888
2,1_8881
0,1_8883
0,1_8885
3,1_8890
0,1_8898
0,1_8903
0,1_8906
0,1_8913
1,1_8920
0,1_8922
0,1_8930
0,1_894
0,1_8942
4,1_8954
2,1_8956
3,1_8957
6,1_8963
3,1_8964
0,1_8985
0,1_8998
5,1_9002
0,1_9014
4,1_9015
4,1_9019
2,1_9020
0,1_9036
0,1_9050
2,1_9055
4,1_9057
6,1_9058
6,1_9059
0,1_9062
4,1_9064
0,1_9065
2,1_9066
6,1_9069
0,1_9070
3,1_9079
0,1_908
5,1_9080
0,1_909
3,1_9091
0,1_9094
5,1_9095
0,1_9096
4,1_910
0,1_9101
4,1_9120
0,1_9129
4,1_9131
0,1_9141
3,1_9142
0,1_9143
0,1_9149
0,1_9155
1,1_9163
4,1_9164
1,1_9174
0,1_9175
2,1_9189
3,1_9193
0,1_9194
0,1_9213
4,1_9216
1,1_9222
0,1_9228
4,1_923
0,1_9230
0,1_9233
2,1_9243
5,1_9244
1,1_9253
0,1_9255
0,1_9256
0,1_9260
0,1_9263
0,1_9291
0,1_9296
6,1_9307
0,1_9320
0,1_9325
3,1_9332
3,1_9347
0,1_935
0,1_9350
1,1_936
3,1_9368
2,1_9369
0,1_9371
0,1_9372
0,1_9382
4,1_9383
0,1_9385
0,1_9390
0,1_9397
2,1_9400
5,1_9411
0,1_9412
0,1_9426
2,1_9434
0,1_9442
4,1_9443
3,1_9454
0,1_9460
1,1_9465
1,1_9471
0,1_9483
0,1_9495
3,1_95
2,1_9504
5,1_9513
0,1_9514
4,1_952
1,1_9528
0,1_9530
0,1_9533
0,1_9541
0,1_9543
2,1_9553
1,1_9555
0,1_9558
2,1_9563
2,1_9566
1,1_9569
0,1_957
3,1_9573
0,1_958
1,1_9582
1,1_9596
4,1_9599
0,1_9601
0,1_9603
5,1_9608
1,1_9609
2,1_9626
2,1_9628
3,1_9632
6,1_9636
1,1_9643
0,1_9644
5,1_9646
0,1_9651
1,1_9656
0,1_9657
6,1_9659
3,1_9661
2,1_9664
0,1_9668
4,1_9677
5,1_968
0,1_9681
1,1_9683
6,1_9684
5,1_9692
0,1_9696
0,1_9697
1,1_9698
5,1_9712
0,1_972
6,1_9720
4,1_9724
3,1_9727
0,1_9728
0,1_9731
1,1_9735
0,1_9738
3,1_9739
1,1_9740
5,1_9743
1,1_9747
0,1_9751
1,1_9752
5,1_9756
0,1_976
2,1_9771
0,1_9774
6,1_9775
0,1_9788
3,1_9794
4,1_9796
1,1_9806
1,1_9810
4,1_9815
0,1_9816
4,1_9818
4,1_9822
0,1_983
6,1_9830
2,1_9839
0,1_9842
0,1_9849
1,1_985
0,1_9850
1,1_9853
0,1_9859
0,1_9864
3,1_9870
5,1_9875
0,1_9876
0,1_9879
0,1_9889
4,1_9895
2,1_9896
1,1_9898
0,1_99
0,1_9909
2,1_9917
4,1_9933
0,1_9938
4,1_9943
1,1_995
0,1_9956
0,1_9957
0,1_9975
6,1_9976
0,1_9989
4,1_9998
5,20_0
4,20_1026
0,20_1094
3,20_1133
0,20_1134
5,20_1231
3,20_125
5,20_1286
2,20_1298
6,20_1305
0,20_1349
2,20_1370
5,20_1372
2,20_1386
5,20_1464
5,20_1469
2,20_1578
4,20_1632
5,20_1639
4,20_1651
4,20_1698
0,20_1773
4,20_1833
4,20_1860
3,20_1869
2,20_1901
3,20_1926
2,20_2048
6,20_2086
4,20_209
0,20_2094
4,20_2112
4,20_2113
4,20_2140
3,20_2150
4,20_2176
6,20_2178
4,20_2207
3,20_2272
2,20_2288
4,20_2409
2,20_2418
4,20_2485
1,20_2487
4,20_2522
6,20_2568
2,20_2569
4,20_257
6,20_2575
4,20_2593
2,20_2638
2,20_2692
4,20_2711
1,20_2785
5,20_2793
0,20_2796
5,20_2798
0,20_280
1,20_2841
4,20_2858
0,20_2960
5,20_2995
0,20_3009
5,20_3043
4,20_3148
4,20_3158
4,20_3171
5,20_3186
4,20_3208
5,20_3328
3,20_3438
4,20_3471
4,20_3541
3,20_3564
2,20_3608
5,20_3634
4,20_3637
5,20_3644
3,20_3664
5,20_3684
4,20_37
4,20_3717
0,20_372
5,20_3733
2,20_3743
4,20_3772
0,20_3848
4,20_3849
6,20_3883
4,20_3921
5,20_3945
0,20_3972
6,20_3973
6,20_3999
6,20_4004
5,20_4042
0,20_4077
4,20_4122
4,20_4178
4,20_4181
0,20_4408
2,20_4458
6,20_4465
4,20_4472
5,20_4485
6,20_4545
4,20_4616
4,20_4654
4,20_4684
4,20_4692
6,20_4708
5,20_4764
4,20_4779
5,20_4788
4,20_4820
0,20_4910
2,20_4925
4,20_4933
6,20_4945
0,20_5
4,20_5068
2,20_5069
2,20_5073
4,20_5085
4,20_5098
4,20_515
6,20_5163
3,20_5205
5,20_5216
4,20_5238
4,20_5239
4,20_5280
2,20_5326
3,20_5366
4,20_5411
4,20_5423
4,20_5424
6,20_5436
3,20_5470
4,20_5471
2,20_5519
2,20_5543
4,20_556
5,20_5613
4,20_5622
4,20_5658
3,20_5677
0,20_5744
2,20_5759
4,20_5779
4,20_5866
6,20_5938
2,20_5975
2,20_6128
2,20_6155
5,20_6160
0,20_6170
4,20_6187
5,20_6229
4,20_6242
4,20_6423
4,20_6465
4,20_6476
6,20_6477
4,20_6492
4,20_6507
5,20_6629
5,20_67
4,20_6789
4,20_681
2,20_682
4,20_6851
4,20_6899
5,20_7036
4,20_7042
6,20_7076
3,20_7097
2,20_7149
5,20_7214
2,20_7249
4,20_7301
0,20_7323
3,20_7328
6,20_734
5,20_7347
6,20_7411
3,20_7414
4,20_7419
3,20_7428
2,20_7472
2,20_7517
4,20_7533
1,20_754
5,20_7548
0,20_7551
6,20_7568
4,20_7573
6,20_7582
2,20_7655
5,20_7656
1,20_7670
2,20_7682
4,20_7688
1,20_7724
5,20_7727
3,20_777
4,20_7840
4,20_7847
4,20_7893
2,20_7904
0,20_7911
2,20_7936
2,20_7942
4,20_7950
2,20_7966
5,20_7984
3,20_8000
4,20_8058
2,20_8094
6,20_8129
3,20_8170
6,20_82
4,20_8234
4,20_827
4,20_8316
4,20_834
2,20_8432
4,20_8506
5,20_8544
4,20_8545
5,20_8609
4,20_8662
4,20_8670
2,20_8730
5,20_8789
2,20_8824
5,20_8875
0,20_8915
4,20_8917
4,20_8928
2,20_8943
4,20_8953
5,20_8977
6,20_899
6,20_9028
4,20_9110
4,20_9134
6,20_9195
4,20_9215
4,20_926
5,20_9271
5,20_9275
0,20_9311
4,20_9376
4,20_9433
2,20_9440
4,20_9500
4,20_9524
4,20_955
4,20_9561
6,20_9587
4,20_9645
3,20_9688
4,20_9702
2,20_9798
3,20_9855
2,20_9869
4,20_9883
3,20_9912
0,20_9949
5,20_9972
2,20_9977
6,20_9987
5,21_1002
4,21_1042
4,21_1046
2,21_1083
4,21_1233
4,21_129
4,21_1434
2,21_1487
2,21_1503
2,21_1656
0,21_1804
4,21_1834
4,21_1858
5,21_1863
4,21_1890
4,21_195
6,21_1978
3,21_2014
4,21_2018
4,21_2021
1,21_2031
5,21_207
5,21_2212
2,21_2229
5,21_2295
4,21_2369
4,21_2399
4,21_2426
5,21_2459
4,21_2635
6,21_2755
4,21_2854
4,21_3107
2,21_3147
6,21_3155
2,21_316
0,21_3161
3,21_3175
3,21_3263
4,21_3341
4,21_3415
4,21_3436
2,21_3446
4,21_3571
1,21_3770
5,21_3868
4,21_3981
4,21_403
5,21_4040
4,21_4302
2,21_4311
5,21_4367
1,21_4450
2,21_4496
5,21_4580
3,21_4590
5,21_4615
2,21_4642
2,21_4656
4,21_4871
3,21_4932
3,21_4981
2,21_4994
4,21_5019
2,21_5027
0,21_5042
5,21_5058
3,21_5148
3,21_5178
3,21_5194
1,21_5200
4,21_5260
2,21_5342
2,21_5417
4,21_5430
3,21_5463
4,21_5515
4,21_5637
1,21_5654
4,21_5687
5,21_5721
6,21_5738
4,21_5839
3,21_5869
4,21_5892
0,21_5945
4,21_5981
6,21_6039
4,21_6122
5,21_6133
0,21_6211
5,21_6275
2,21_6299
3,21_6311
2,21_6443
0,21_6489
4,21_661
4,21_6624
5,21_6678
4,21_6850
4,21_6902
2,21_7099
0,21_7103
4,21_7169
5,21_7245
4,21_7302
4,21_7351
4,21_7352
4,21_7506
3,21_7509
5,21_7524
6,21_7574
2,21_7659
2,21_7730
2,21_7757
5,21_7822
0,21_7878
2,21_7960
5,21_8043
3,21_8107
0,21_8443
0,21_8455
6,21_8492
4,21_8516
5,21_8600
2,21_866
3,21_8696
4,21_874
5,21_8806
2,21_8817
5,21_9111
2,21_9180
6,21_9205
4,21_9356
2,21_9472
4,21_9482
2,21_9491
6,21_9716
5,21_9784
4,21_9833
3,21_9916
6,21_9991
4,22_1004
0,22_1028
4,22_1061
2,22_1124
2,22_1146
4,22_1169
6,22_1219
2,22_1274
0,22_1322
4,22_1364
3,22_1415
5,22_1458
3,22_1581
4,22_1681
2,22_171
2,22_1896
4,22_2055
0,22_2111
4,22_2235
6,22_2253
2,22_2307
4,22_2404
4,22_2530
2,22_2783
4,22_287
6,22_2920
5,22_3099
4,22_3149
4,22_329
2,22_3800
0,22_3804
4,22_384
5,22_3991
4,22_3996
3,22_400
4,22_4095
4,22_4115
4,22_4186
6,22_4206
5,22_4361
3,22_4363
5,22_4381
4,22_4522
6,22_4556
4,22_4633
4,22_4772
5,22_4827
2,22_4833
0,22_488
4,22_5086
0,22_5170
4,22_5293
3,22_5294
5,22_5298
0,22_5359
4,22_5467
6,22_555
1,22_5642
4,22_5847
4,22_6049
5,22_6152
5,22_6200
4,22_6252
5,22_6254
6,22_6259
4,22_6382
3,22_6421
4,22_6577
4,22_6665
2,22_671
4,22_6773
2,22_6801
2,22_6813
3,22_6826
5,22_6919
6,22_7105
4,22_7339
0,22_7430
4,22_7519
0,22_7544
4,22_7546
6,22_7561
4,22_7579
2,22_7740
0,22_7753
4,22_7771
6,22_7792
2,22_7830
3,22_7858
4,22_7962
0,22_8012
2,22_8135
4,22_819
4,22_8382
5,22_8442
4,22_8528
4,22_8583
5,22_8605
2,22_8661
3,22_8719
4,22_8724
5,22_8734
4,22_8753
3,22_8828
2,22_8848
0,22_9092
4,22_9104
4,22_929
4,22_9547
4,22_959
5,22_97
6,22_9737
4,22_9761
2,22_9765
4,22_9804
5,22_9897
5,22_9935
0,22_9963
4,22_9988
0,2_1008
2,2_1017
4,2_1019
4,2_1022
0,2_1023
6,2_1045
6,2_1053
0,2_1062
3,2_1070
4,2_1071
2,2_1078
6,2_1085
3,2_1086
5,2_1122
6,2_116
1,2_1163
2,2_117
4,2_1170
2,2_1178
0,2_1186
6,2_1187
4,2_1190
6,2_1197
5,2_1199
4,2_1205
4,2_1213
1,2_1215
5,2_1254
1,2_1282
4,2_1319
4,2_1343
4,2_1362
4,2_1373
0,2_1383
5,2_1390
6,2_1411
6,2_1416
4,2_1444
5,2_1450
6,2_148
0,2_1482
0,2_1483
1,2_1484
2,2_1495
5,2_151
5,2_1511
4,2_1530
0,2_1539
4,2_1541
3,2_1547
6,2_1552
4,2_1553
4,2_1555
4,2_1556
4,2_1557
5,2_1558
5,2_1559
6,2_1572
4,2_1584
5,2_1610
6,2_1617
4,2_1623
4,2_1629
2,2_1631
3,2_1650
4,2_1655
4,2_1661
0,2_1676
2,2_1677
1,2_1684
5,2_1690
0,2_1699
4,2_1704
2,2_1705
2,2_1711
4,2_1730
2,2_1741
5,2_1749
4,2_176
0,2_1763
4,2_1770
2,2_1775
2,2_1781
0,2_1784
5,2_1791
6,2_1796
4,2_1805
5,2_1815
3,2_1816
5,2_1819
4,2_1853
4,2_1855
4,2_1868
6,2_187
2,2_1883
6,2_1891
6,2_1919
5,2_1925
0,2_1930
0,2_1931
4,2_1956
2,2_196
4,2_1963
5,2_1966
4,2_1967
3,2_1973
5,2_1985
0,2_1994
3,2_2002
6,2_2003
4,2_2011
2,2_2019
5,2_2037
0,2_2074
2,2_2095
5,2_2105
5,2_2107
4,2_2114
1,2_2120
0,2_2129
4,2_2130
0,2_2132
5,2_2136
4,2_2141
1,2_2154
2,2_2166
4,2_2190
2,2_2206
4,2_221
4,2_2217
2,2_2245
4,2_2276
2,2_2278
2,2_2279
2,2_2287
0,2_2292
4,2_2304
2,2_2305
0,2_2319
4,2_2326
5,2_2327
0,2_2344
4,2_235
6,2_2358
4,2_2362
6,2_2371
5,2_2380
0,2_2403
5,2_2410
4,2_2414
4,2_2415
4,2_242
4,2_2443
0,2_2444
4,2_2447
0,2_246
4,2_2474
4,2_2480
0,2_2498
6,2_2502
5,2_2513
4,2_2557
2,2_256
6,2_2563
4,2_2570
2,2_2582
5,2_2587
0,2_2598
5,2_2614
4,2_264
3,2_2640
4,2_2662
4,2_2674
4,2_269
2,2_2720
0,2_2771
5,2_2772
2,2_2773
5,2_279
2,2_2791
6,2_2821
4,2_2827
3,2_2839
5,2_2843
4,2_2844
2,2_2887
4,2_289
4,2_2898
4,2_2904
0,2_2913
2,2_2914
4,2_2919
0,2_2931
4,2_2980
6,2_2992
6,2_300
5,2_3002
0,2_3010
4,2_3012
0,2_3016
4,2_3025
3,2_3030
4,2_3053
4,2_3059
3,2_3090
6,2_3124
6,2_3137
3,2_3138
4,2_3150
4,2_3157
4,2_3174
6,2_3183
4,2_3184
2,2_3187
6,2_3210
5,2_3221
4,2_324
6,2_3257
2,2_3259
5,2_3261
2,2_3265
1,2_33
2,2_3303
6,2_3306
0,2_3315
0,2_3316
2,2_3322
6,2_3339
6,2_335
4,2_3366
2,2_3383
5,2_3384
4,2_3398
2,2_3404
4,2_3413
6,2_3430
4,2_3431
6,2_3437
5,2_3452
4,2_3453
3,2_3461
4,2_3467
3,2_3489
4,2_350
4,2_3508
4,2_3513
4,2_3520
4,2_3542
3,2_3545
4,2_3553
5,2_3558
2,2_3559
4,2_3569
2,2_3585
4,2_3590
4,2_36
4,2_3613
5,2_3635
4,2_3652
3,2_3661
4,2_367
4,2_3674
4,2_3705
3,2_3716
2,2_3723
4,2_3724
0,2_3726
4,2_3746
4,2_3760
4,2_3765
4,2_3789
5,2_379
4,2_3792
4,2_3811
2,2_3812
5,2_3860
6,2_3862
2,2_3879
4,2_3880
0,2_3885
4,2_389
6,2_3910
5,2_392
5,2_3929
1,2_3954
4,2_3968
5,2_4017
5,2_4019
4,2_4027
4,2_4041
0,2_4049
3,2_4051
5,2_4060
5,2_4067
4,2_4068
0,2_4075
4,2_4083
4,2_4087
4,2_4099
5,2_4100
3,2_4110
6,2_4131
2,2_4138
4,2_4144
5,2_4150
2,2_4153
3,2_4157
5,2_416
4,2_4161
3,2_4164
4,2_4200
3,2_4202
5,2_4205
1,2_421
4,2_4214
5,2_4217
4,2_4219
3,2_4226
4,2_4251
2,2_4274
5,2_4286
4,2_4287
4,2_4289
4,2_4291
0,2_4292
3,2_4293
2,2_4322
4,2_4328
4,2_4335
3,2_4339
2,2_4352
6,2_437
4,2_4388
0,2_4421
5,2_4429
3,2_4438
1,2_4448
0,2_4483
1,2_4490
5,2_4549
4,2_4552
2,2_4576
2,2_4625
4,2_464
6,2_4646
5,2_465
5,2_4653
5,2_4665
2,2_4671
2,2_4674
5,2_4678
0,2_472
5,2_4731
5,2_4736
4,2_4737
4,2_4738
0,2_474
4,2_4747
6,2_476
4,2_4760
2,2_4767
3,2_4791
5,2_4812
6,2_482
4,2_4822
0,2_4837
3,2_4850
2,2_486
5,2_4895
5,2_4907
4,2_4917
4,2_4943
1,2_495
4,2_4974
0,2_5003
5,2_5015
4,2_5016
5,2_502
4,2_5020
5,2_5029
3,2_5030
5,2_5046
6,2_5059
4,2_5074
5,2_5083
4,2_5088
2,2_5101
4,2_5102
2,2_5103
0,2_5106
0,2_5112
2,2_5128
5,2_5133
4,2_5137
4,2_514
4,2_5142
5,2_5192
2,2_5204
3,2_5207
6,2_5228
2,2_5250
4,2_5255
0,2_5262
4,2_5264
4,2_527
4,2_5304
0,2_5307
4,2_5311
1,2_5312
4,2_5313
6,2_5315
2,2_5318
0,2_5333
1,2_5337
4,2_5341
4,2_5352
2,2_5391
6,2_540
4,2_5405
5,2_5419
5,2_5421
2,2_5434
4,2_5445
5,2_5457
6,2_5472
4,2_5476
0,2_5489
4,2_5495
0,2_5498
6,2_5504
4,2_5512
4,2_5517
5,2_5521
4,2_5527
4,2_5536
2,2_5558
2,2_5602
3,2_5621
0,2_5626
5,2_5643
4,2_5663
5,2_5679
2,2_5716
5,2_5727
2,2_5743
0,2_5746
3,2_5753
6,2_5786
4,2_5789
4,2_5803
4,2_5818
4,2_5832
4,2_5845
4,2_5868
0,2_588
4,2_59
4,2_5910
4,2_5911
4,2_5944
4,2_5957
3,2_5971
4,2_5973
4,2_5986
0,2_5987
5,2_5995
4,2_6021
2,2_6025
5,2_6028
0,2_6033
0,2_6034
2,2_6047
5,2_6061
5,2_6070
2,2_6074
1,2_6076
5,2_608
6,2_6086
4,2_6087
4,2_6088
4,2_6090
4,2_6098
4,2_610
1,2_6101
3,2_6108
3,2_6109
4,2_6129
2,2_6139
3,2_6185
4,2_62
6,2_6201
5,2_6216
5,2_6220
2,2_6226
4,2_6227
4,2_6233
4,2_6236
5,2_6246
4,2_6251
5,2_6272
4,2_6274
4,2_6287
1,2_6290
4,2_6294
2,2_6298
2,2_630
4,2_6309
2,2_6310
1,2_6317
2,2_6332
2,2_6345
4,2_6357
4,2_6362
0,2_6366
6,2_6389
2,2_6414
6,2_6449
6,2_6454
5,2_646
5,2_6464
4,2_6478
4,2_6485
4,2_6511
0,2_6514
4,2_6519
6,2_6523
5,2_6527
0,2_6548
0,2_6566
3,2_6612
4,2_6631
4,2_6635
6,2_6642
4,2_6663
5,2_6684
5,2_6685
5,2_6691
3,2_6700
4,2_6718
0,2_6746
5,2_6750
1,2_6751
2,2_6762
1,2_6767
4,2_6776
4,2_6817
4,2_6828
3,2_6834
5,2_684
5,2_686
4,2_6861
6,2_6862
0,2_687
3,2_6874
0,2_6877
4,2_6894
4,2_6895
4,2_6906
0,2_6912
4,2_693
2,2_6931
2,2_6934
6,2_6946
6,2_6950
0,2_6990
2,2_6993
0,2_6994
5,2_7006
1,2_7015
2,2_7016
2,2_7024
4,2_7038
4,2_7053
4,2_7057
2,2_7067
2,2_7070
3,2_7086
6,2_7133
3,2_7148
4,2_715
4,2_7156
4,2_7161
5,2_7167
6,2_7174
2,2_7175
4,2_7197
3,2_7200
6,2_7208
3,2_7216
4,2_7221
2,2_7232
6,2_7257
0,2_7267
5,2_7275
2,2_7276
0,2_7279
4,2_7280
2,2_729
3,2_7325
4,2_7326
4,2_7337
4,2_7341
4,2_7346
4,2_7380
4,2_74
3,2_7405
4,2_7408
4,2_743
4,2_7432
2,2_7438
6,2_7457
2,2_7463
6,2_7471
3,2_7477
0,2_7516
4,2_7525
2,2_7529
0,2_7530
0,2_7537
2,2_7540
5,2_7545
5,2_756
3,2_7575
6,2_7591
4,2_7594
4,2_760
2,2_7600
6,2_7604
4,2_7638
4,2_766
3,2_7665
4,2_7669
4,2_7671
3,2_7680
6,2_7697
4,2_7698
4,2_7699
2,2_7700
4,2_7703
5,2_7705
1,2_7719
4,2_774
3,2_7752
5,2_7756
4,2_7762
3,2_7781
3,2_7788
0,2_7789
6,2_7820
4,2_7829
0,2_7851
4,2_7859
4,2_7861
5,2_7876
4,2_7894
0,2_7903
4,2_791
6,2_7914
4,2_7930
0,2_7931
3,2_7934
0,2_794
5,2_7973
5,2_7979
0,2_7987
4,2_8008
4,2_8020
2,2_8052
1,2_8053
4,2_806
5,2_8086
2,2_8087
5,2_809
5,2_8103
6,2_8116
2,2_8140
4,2_8142
4,2_8152
4,2_8168
4,2_8176
2,2_8194
2,2_8198
0,2_8199
4,2_8204
3,2_821
5,2_8226
4,2_8228
6,2_8231
4,2_8233
0,2_8260
5,2_8274
0,2_8279
2,2_8286
4,2_8299
3,2_8320
4,2_8324
4,2_8333
2,2_8344
4,2_8349
4,2_8359
3,2_8365
4,2_8366
0,2_8369
4,2_8381
4,2_8413
4,2_8419
2,2_842
6,2_8433
0,2_8438
5,2_8441
1,2_8469
4,2_8481
3,2_8482
0,2_851
2,2_852
4,2_8522
6,2_8526
4,2_8542
4,2_8559
0,2_856
2,2_8567
2,2_8575
5,2_8591
6,2_8594
4,2_8610
4,2_8639
6,2_8641
0,2_8646
6,2_8648
4,2_8678
5,2_8689
6,2_8705
4,2_8713
4,2_8714
0,2_8720
3,2_8722
0,2_8729
0,2_8749
4,2_8751
6,2_8760
0,2_880
6,2_8818
4,2_8827
6,2_8850
4,2_8854
4,2_8863
6,2_8899
4,2_8923
3,2_8932
2,2_8949
1,2_8952
2,2_8961
1,2_8967
2,2_8980
4,2_8987
3,2_8990
3,2_9012
4,2_9016
2,2_9022
4,2_9030
4,2_9038
5,2_9048
2,2_9075
5,2_9086
4,2_9097
6,2_9102
4,2_9119
4,2_9122
0,2_9124
2,2_9126
4,2_9128
5,2_9133
4,2_9136
4,2_9152
3,2_9154
4,2_9156
2,2_9173
4,2_9184
2,2_9187
5,2_9199
2,2_9209
4,2_921
0,2_9217
6,2_922
4,2_9226
0,2_9274
4,2_9283
5,2_9288
5,2_9315
4,2_9339
5,2_9348
0,2_9379
1,2_9381
4,2_9391
4,2_940
4,2_941
4,2_9437
4,2_9438
5,2_9485
2,2_9490
6,2_9503
4,2_9506
0,2_953
6,2_9570
0,2_9581
5,2_9597
3,2_9614
4,2_9620
5,2_9633
2,2_9638
2,2_9639
5,2_9686
5,2_9699
5,2_9713
4,2_9719
3,2_9723
0,2_9730
6,2_9733
4,2_9749
2,2_9762
6,2_9789
4,2_9836
5,2_9845
4,2_9862
2,2_9865
4,2_9925
6,2_9928
0,2_9947
4,2_9951
5,2_9954
6,2_9974
4,3_10
5,3_1009
4,3_1025
5,3_1040
6,3_1043
1,3_1064
2,3_1091
4,3_1095
6,3_1097
2,3_1113
4,3_1119
4,3_1132
0,3_1137
4,3_115
5,3_1152
3,3_1171
2,3_1185
0,3_1193
2,3_1209
4,3_1235
2,3_1293
5,3_1381
3,3_1387
4,3_1395
0,3_1404
5,3_1408
4,3_142
0,3_1438
6,3_1451
4,3_1457
2,3_1466
0,3_1497
5,3_1499
4,3_1502
2,3_1515
0,3_1518
6,3_1538
4,3_1544
4,3_1579
2,3_158
2,3_1582
0,3_168
0,3_1688
4,3_1719
4,3_1747
4,3_1750
3,3_1788
5,3_18
6,3_1829
5,3_1835
2,3_184
0,3_1877
4,3_1887
5,3_1888
2,3_189
4,3_1906
2,3_1914
4,3_1941
2,3_1958
4,3_1968
4,3_1981
4,3_200
4,3_2006
3,3_2008
2,3_2009
0,3_2015
4,3_202
5,3_2034
3,3_2049
4,3_2050
0,3_2062
5,3_2099
5,3_2109
2,3_2134
2,3_2143
4,3_2146
2,3_217
4,3_2191
4,3_2202
3,3_2213
5,3_222
2,3_2241
6,3_2246
6,3_2249
4,3_2254
4,3_2283
6,3_232
2,3_2360
4,3_2361
4,3_237
6,3_2374
3,3_2394
5,3_2402
4,3_241
4,3_2417
4,3_2432
4,3_2435
4,3_2441
2,3_2449
5,3_2453
5,3_2455
4,3_2466
5,3_2499
0,3_2526
2,3_2539
6,3_255
4,3_2584
3,3_2596
4,3_2608
3,3_2658
5,3_2666
5,3_2705
2,3_2727
4,3_2761
4,3_2788
4,3_2814
6,3_2817
3,3_2826
3,3_2828
2,3_283
4,3_2830
0,3_2836
3,3_2850
1,3_2851
4,3_2859
4,3_2866
4,3_2868
4,3_2869
4,3_2870
6,3_2912
4,3_2939
0,3_2947
0,3_2949
0,3_2987
4,3_2989
0,3_30
4,3_3041
5,3_3055
4,3_3081
4,3_3112
4,3_3144
4,3_3162
4,3_3169
4,3_3201
5,3_3219
5,3_3262
4,3_3270
4,3_3304
6,3_3313
5,3_3371
5,3_3379
4,3_339
6,3_3395
4,3_3400
3,3_344
3,3_3457
4,3_3459
2,3_3460
5,3_3484
0,3_3515
2,3_3539
3,3_357
5,3_3574
4,3_3589
4,3_3600
2,3_3611
5,3_3625
6,3_3626
3,3_3654
5,3_3692
4,3_3718
3,3_3732
0,3_3766
5,3_3777
5,3_380
2,3_3840
6,3_3844
4,3_3850
0,3_3851
1,3_3855
3,3_3872
4,3_3876
6,3_391
4,3_3920
0,3_3957
4,3_3961
4,3_397
5,3_3974
0,3_3986
0,3_3993
2,3_4
1,3_402
4,3_4026
3,3_4052
4,3_4057
4,3_4062
0,3_4108
6,3_4127
0,3_4143
2,3_4148
4,3_4193
2,3_4197
4,3_4232
6,3_4233
3,3_4237
2,3_424
2,3_4313
5,3_4318
6,3_4323
0,3_4325
0,3_4354
4,3_439
6,3_4401
2,3_442
6,3_4425
0,3_4443
6,3_4456
0,3_4459
2,3_4475
5,3_448
4,3_4511
0,3_452
4,3_4551
6,3_4579
0,3_458
5,3_4581
2,3_4583
4,3_4603
2,3_4650
2,3_4655
6,3_4690
5,3_4702
4,3_4703
4,3_4713
4,3_4717
4,3_4735
4,3_4749
2,3_4752
4,3_4754
4,3_4784
2,3_4790
3,3_4796
2,3_4823
5,3_483
4,3_4832
4,3_4836
0,3_4843
4,3_4852
0,3_4855
4,3_4881
4,3_4897
3,3_4901
5,3_4904
5,3_4908
3,3_4912
4,3_4921
6,3_4950
4,3_4968
5,3_5002
4,3_5022
1,3_5039
5,3_5077
2,3_5092
5,3_5109
2,3_5120
0,3_5141
6,3_5143
0,3_5153
1,3_519
1,3_5209
5,3_5227
4,3_5240
0,3_5261
6,3_5268
2,3_5295
5,3_5299
4,3_5305
5,3_5323
5,3_5332
2,3_5336
6,3_5353
4,3_5354
3,3_5375
0,3_5377
0,3_5378
6,3_5387
4,3_5414
5,3_5420
5,3_543
4,3_5438
4,3_5449
0,3_545
2,3_5453
2,3_5456
5,3_5459
2,3_5475
5,3_5481
4,3_5488
4,3_5492
2,3_5497
3,3_55
4,3_5548
0,3_5573
5,3_5584
5,3_5588
4,3_560
2,3_5617
5,3_5619
4,3_5640
0,3_5650
1,3_5678
4,3_5757
2,3_5781
4,3_5783
6,3_5795
0,3_5796
4,3_58
4,3_5814
0,3_5825
2,3_5831
4,3_584
4,3_5843
5,3_5852
3,3_5864
4,3_5876
4,3_5880
3,3_589
2,3_5917
1,3_5922
3,3_5952
4,3_5960
4,3_5979
1,3_5994
3,3_5997
4,3_6
0,3_6002
4,3_6004
4,3_6035
4,3_6050
4,3_6053
4,3_6059
4,3_6084
2,3_611
5,3_6115
5,3_6142
2,3_6217
4,3_6232
3,3_6241
5,3_629
2,3_632
1,3_6381
5,3_6408
4,3_6427
4,3_6429
3,3_6445
2,3_6451
2,3_6469
4,3_6500
4,3_6501
1,3_6515
4,3_6525
4,3_6565
4,3_6574
2,3_6618
4,3_663
5,3_6632
0,3_6643
6,3_6655
4,3_6697
2,3_6698
0,3_6703
2,3_6719
5,3_6739
2,3_6741
2,3_6747
5,3_6765
3,3_6769
1,3_6807
2,3_6830
0,3_6840
1,3_6864
4,3_6873
4,3_688
3,3_6923
4,3_6943
0,3_6944
4,3_6968
4,3_6976
2,3_7004
1,3_7023
6,3_7051
5,3_7069
0,3_710
4,3_7127
1,3_7131
3,3_7157
4,3_7173
5,3_7235
3,3_7253
4,3_7269
1,3_727
4,3_7274
4,3_7284
4,3_7291
4,3_7293
6,3_7297
2,3_7299
4,3_7321
4,3_733
5,3_7361
4,3_7362
4,3_7373
4,3_7387
6,3_7427
4,3_7445
6,3_7447
0,3_7462
4,3_7479
4,3_7483
2,3_7523
4,3_7534
2,3_7553
4,3_7562
2,3_757
5,3_7576
4,3_7580
4,3_7620
2,3_7629
2,3_763
0,3_7644
2,3_7661
4,3_7720
4,3_7726
4,3_7737
3,3_7763
3,3_779
4,3_7794
0,3_7816
6,3_7908
2,3_7915
0,3_7940
4,3_7946
4,3_7967
4,3_7968
4,3_7971
4,3_8026
3,3_804
2,3_8042
4,3_8051
4,3_8057
5,3_8064
2,3_8099
4,3_811
4,3_8111
4,3_8145
2,3_8150
2,3_8172
3,3_8193
1,3_8212
4,3_8237
0,3_8300
0,3_8321
6,3_8368
4,3_841
3,3_8414
4,3_8416
5,3_8417
2,3_8454
4,3_8463
4,3_8464
6,3_8518
2,3_8520
6,3_8529
5,3_8537
4,3_8561
2,3_8615
3,3_862
3,3_8630
5,3_8687
4,3_8690
6,3_8694
4,3_8695
5,3_871
6,3_8712
3,3_8746
4,3_8747
1,3_8748
0,3_8762
2,3_8770
6,3_8772
4,3_8786
0,3_8798
2,3_8810
2,3_8815
4,3_8834
2,3_8864
4,3_8886
3,3_8895
6,3_8910
4,3_8918
4,3_892
5,3_8931
5,3_8968
4,3_8970
4,3_9008
4,3_901
6,3_9024
6,3_9027
5,3_9043
0,3_905
4,3_906
0,3_9077
2,3_9084
0,3_9114
6,3_9125
4,3_9132
4,3_9144
3,3_9171
0,3_9179
4,3_92
2,3_9223
5,3_9237
5,3_9246
4,3_9257
5,3_9261
2,3_9262
0,3_9267
2,3_927
4,3_9280
4,3_9287
2,3_9300
4,3_9313
4,3_9314
4,3_933
4,3_9331
5,3_9337
6,3_9401
5,3_9403
4,3_9404
5,3_9405
4,3_9429
0,3_943
4,3_9456
4,3_9470
4,3_9496
4,3_9523
6,3_9531
2,3_9534
4,3_9549
4,3_9552
2,3_9559
4,3_956
4,3_9580
0,3_9590
6,3_9591
5,3_9592
4,3_9595
4,3_9598
6,3_9616
2,3_9624
2,3_9642
0,3_9665
4,3_9666
4,3_9687
3,3_9689
6,3_9690
3,3_9725
6,3_9726
4,3_973
4,3_975
4,3_9757
4,3_9777
6,3_9785
5,3_9807
4,3_9828
3,3_9834
6,3_9841
4,3_9885
2,3_9886
0,3_9907
4,3_9910
6,3_9934
6,3_9948
6,3_9955
2,3_9958
5,3_9984
0,3_9986
6,4_1038
4,4_1081
2,4_1098
0,4_1100
6,4_1106
5,4_1108
5,4_1168
5,4_1179
0,4_118
4,4_1238
0,4_1251
5,4_1264
1,4_1271
6,4_1272
5,4_1285
4,4_1300
2,4_1304
2,4_1313
4,4_1315
4,4_1323
5,4_1345
4,4_1403
5,4_1422
0,4_143
5,4_1439
2,4_1446
3,4_1476
4,4_1481
4,4_1485
4,4_1535
4,4_1537
2,4_154
6,4_1543
4,4_1573
3,4_1576
0,4_1577
5,4_1597
1,4_1618
6,4_165
3,4_1660
4,4_1675
4,4_1696
4,4_1701
0,4_1708
5,4_1733
4,4_1765
0,4_1790
4,4_1798
3,4_1818
6,4_1856
0,4_1879
5,4_1886
2,4_1935
2,4_1950
4,4_1959
4,4_1975
4,4_1988
4,4_1989
0,4_1996
2,4_2022
0,4_2051
5,4_2092
3,4_2096
4,4_2137
4,4_2158
4,4_2162
4,4_2180
1,4_2200
2,4_2260
4,4_2273
0,4_2281
2,4_2309
4,4_2328
5,4_233
5,4_2340
4,4_2341
2,4_2383
4,4_2386
5,4_239
4,4_2391
4,4_2392
6,4_2393
4,4_2405
2,4_2422
4,4_2438
4,4_253
5,4_2544
6,4_2546
4,4_2550
2,4_2586
5,4_2595
4,4_26
4,4_2606
5,4_2618
2,4_2652
6,4_2654
3,4_2657
0,4_2669
4,4_2671
5,4_2700
4,4_2714
1,4_2724
2,4_2747
4,4_2765
0,4_2806
3,4_2810
5,4_2824
4,4_2834
5,4_2845
6,4_2909
0,4_2910
2,4_2926
4,4_293
6,4_2933
6,4_2950
4,4_2966
5,4_2972
3,4_2986
4,4_3031
6,4_3035
5,4_3037
2,4_3075
2,4_3079
0,4_3096
2,4_31
4,4_3101
5,4_3133
6,4_3178
4,4_3181
4,4_319
4,4_3236
4,4_3253
0,4_328
4,4_3286
5,4_3299
4,4_3326
5,4_3335
4,4_3364
0,4_3368
1,4_3370
5,4_338
2,4_343
0,4_3444
4,4_3447
4,4_3481
4,4_3488
3,4_3501
4,4_3530
4,4_3543
6,4_3546
5,4_355
5,4_3552
1,4_3604
0,4_3605
4,4_3610
4,4_3624
0,4_3631
0,4_366
3,4_3675
2,4_3678
3,4_369
2,4_3719
5,4_3736
3,4_3771
1,4_3797
6,4_3799
4,4_3805
6,4_3817
2,4_3837
4,4_385
5,4_3869
4,4_3878
2,4_3882
0,4_3900
5,4_3918
5,4_3933
4,4_3963
0,4_3998
0,4_4005
3,4_4022
4,4_406
4,4_4072
4,4_4088
6,4_4094
6,4_4098
4,4_4104
4,4_4128
4,4_4130
2,4_4179
2,4_4207
1,4_4212
4,4_4227
0,4_423
4,4_4247
0,4_4268
4,4_4273
4,4_4281
4,4_4295
6,4_4305
2,4_433
0,4_4365
4,4_4372
2,4_4379
2,4_4386
4,4_4392
4,4_4393
6,4_4434
4,4_4447
4,4_4463
2,4_4468
4,4_4518
3,4_4525
5,4_4538
5,4_4539
5,4_4547
4,4_4557
6,4_4578
2,4_4584
4,4_4591
4,4_4607
2,4_4649
2,4_4657
5,4_4670
4,4_4699
4,4_4715
2,4_4726
3,4_473
3,4_4780
0,4_4789
1,4_4802
4,4_4811
4,4_4814
2,4_4817
5,4_4859
2,4_4860
3,4_4861
4,4_4883
4,4_4893
2,4_4911
6,4_492
5,4_4946
0,4_4947
1,4_4953
4,4_4959
3,4_4973
2,4_4978
5,4_4988
4,4_5041
5,4_507
5,4_5070
3,4_5075
0,4_5084
6,4_5116
4,4_5124
4,4_5127
5,4_5198
4,4_522
4,4_5220
4,4_5232
2,4_5244
6,4_5286
2,4_5289
2,4_5297
5,4_5309
2,4_5314
5,4_5316
5,4_5343
4,4_5355
2,4_5362
3,4_5363
3,4_5385
0,4_5422
5,4_5426
5,4_5431
5,4_5455
4,4_5466
1,4_5524
0,4_5532
0,4_5545
2,4_5557
4,4_5559
0,4_5571
4,4_5582
3,4_5597
4,4_563
6,4_5672
4,4_5674
4,4_5701
4,4_5706
3,4_5728
4,4_5731
6,4_5752
5,4_577
6,4_5773
4,4_5816
2,4_5856
5,4_5862
4,4_5865
0,4_5884
4,4_5888
0,4_5889
0,4_5897
6,4_5913
4,4_5918
3,4_5929
1,4_5941
3,4_5951
6,4_5980
4,4_5985
6,4_6005
3,4_6036
3,4_6038
5,4_6046
4,4_6062
2,4_6078
4,4_6089
2,4_6113
4,4_6121
4,4_6140
2,4_6149
1,4_6157
2,4_6167
2,4_6171
4,4_6196
4,4_626
4,4_6264
2,4_6266
3,4_6296
2,4_6349
0,4_6359
6,4_6364
2,4_6378
2,4_6383
3,4_6401
0,4_6416
2,4_6419
4,4_6470
2,4_6488
5,4_650
6,4_6537
0,4_6582
4,4_6595
4,4_6597
5,4_6599
5,4_6605
2,4_6608
0,4_6610
2,4_6633
2,4_6640
4,4_6668
4,4_667
4,4_6680
4,4_6693
2,4_6717
1,4_6763
0,4_6774
3,4_6785
4,4_679
0,4_6803
0,4_6832
3,4_6847
4,4_6854
4,4_6876
4,4_690
4,4_6910
1,4_6935
6,4_6937
2,4_694
4,4_6942
4,4_6958
4,4_696
4,4_7002
5,4_7003
4,4_7026
2,4_7034
0,4_7037
1,4_7052
4,4_7091
4,4_7092
0,4_7129
2,4_7147
5,4_7151
6,4_7154
3,4_7189
4,4_7201
3,4_7218
0,4_7262
0,4_7264
4,4_7277
3,4_7327
5,4_7336
6,4_7375
4,4_7384
4,4_7392
4,4_740
4,4_7407
4,4_7423
2,4_7453
6,4_7456
4,4_7499
6,4_7512
5,4_7514
2,4_7569
5,4_7581
4,4_7586
6,4_7598
3,4_762
4,4_7632
4,4_7674
0,4_769
4,4_7693
5,4_7707
5,4_771
3,4_7712
5,4_7749
2,4_7776
2,4_778
4,4_7784
5,4_7801
6,4_7831
6,4_7834
0,4_7836
2,4_7852
4,4_7857
0,4_7874
6,4_7885
0,4_79
2,4_7926
4,4_7954
4,4_7961
3,4_7995
0,4_8006
2,4_8018
4,4_8023
2,4_8035
2,4_8037
6,4_8050
1,4_8068
5,4_8108
4,4_8117
0,4_813
4,4_8209
4,4_8211
1,4_8244
2,4_828
5,4_831
2,4_8318
2,4_8328
0,4_8329
2,4_8354
5,4_8355
4,4_8402
2,4_8426
1,4_8467
3,4_8500
4,4_8540
2,4_8554
2,4_8565
6,4_8579
4,4_858
6,4_8593
4,4_8597
0,4_860
4,4_8613
2,4_8647
0,4_8654
1,4_8659
4,4_867
5,4_8671
4,4_8709
4,4_8728
2,4_8740
1,4_8759
2,4_8766
4,4_8768
4,4_8788
4,4_881
4,4_8829
0,4_884
4,4_8869
2,4_8874
4,4_8879
6,4_8884
3,4_8908
2,4_8927
4,4_8974
2,4_8996
4,4_9004
1,4_9039
4,4_9040
3,4_9045
5,4_9046
3,4_9073
5,4_9081
5,4_9083
6,4_911
3,4_9115
2,4_9118
2,4_913
4,4_9148
5,4_9158
4,4_916
4,4_9161
6,4_9177
5,4_9191
6,4_9234
5,4_9239
4,4_9272
5,4_9278
0,4_9294
4,4_9295
3,4_9298
4,4_9352
4,4_9354
5,4_9360
4,4_9374
4,4_9388
6,4_9392
4,4_9399
4,4_9408
0,4_9444
3,4_9479
4,4_9481
0,4_9512
4,4_9521
2,4_9526
2,4_9550
4,4_9554
5,4_9621
4,4_967
3,4_9675
0,4_9685
0,4_9711
0,4_9767
4,4_9783
4,4_979
4,4_9813
5,4_9848
3,4_9851
4,4_987
4,4_9882
4,4_9890
4,4_9903
0,4_9914
0,4_992
4,4_9927
6,4_9940
4,4_996
6,4_998
4,4_9993
4,5_1016
6,5_103
0,5_1032
5,5_1055
4,5_1059
0,5_1126
0,5_1128
3,5_1139
4,5_1157
0,5_1177
1,5_1184
4,5_1196
0,5_1202
3,5_1211
4,5_1222
3,5_1244
4,5_1245
3,5_1261
4,5_1267
3,5_1302
4,5_131
4,5_1317
1,5_1334
4,5_136
3,5_1376
5,5_1398
2,5_1424
5,5_1437
2,5_1441
0,5_1452
4,5_1465
0,5_1470
3,5_1475
2,5_1491
5,5_1493
5,5_1512
5,5_1516
4,5_1533
2,5_1551
4,5_1563
4,5_1567
4,5_1569
4,5_1588
3,5_1591
1,5_1594
2,5_1619
2,5_1641
1,5_1653
4,5_1665
5,5_167
4,5_1715
2,5_1722
1,5_1725
5,5_1751
3,5_1752
1,5_1764
5,5_1767
2,5_1799
6,5_1830
6,5_1838
1,5_1865
1,5_1921
6,5_1928
4,5_1944
4,5_1952
2,5_1982
6,5_1997
0,5_2005
2,5_2026
2,5_2027
0,5_2030
2,5_2053
6,5_2056
6,5_2061
4,5_2068
4,5_2072
0,5_2075
4,5_2077
3,5_213
3,5_2135
4,5_2151
0,5_2157
2,5_2177
1,5_2187
5,5_2189
4,5_2211
1,5_2219
2,5_2228
4,5_2233
6,5_2237
3,5_2247
4,5_2261
3,5_2267
4,5_2293
5,5_230
4,5_2300
6,5_2331
4,5_2342
6,5_2355
4,5_2356
1,5_2363
4,5_2424
5,5_2434
5,5_244
2,5_248
4,5_2495
4,5_2508
5,5_2509
2,5_2532
5,5_259
0,5_2612
4,5_2616
6,5_2617
4,5_263
3,5_267
4,5_2678
4,5_2702
2,5_2706
4,5_2725
4,5_2734
3,5_2739
4,5_2741
4,5_2742
6,5_2757
4,5_2758
5,5_2775
4,5_2776
3,5_2802
2,5_2813
0,5_2816
0,5_2831
4,5_2832
0,5_2833
2,5_2890
3,5_2901
2,5_2918
4,5_2930
6,5_2961
4,5_2975
0,5_2977
4,5_299
6,5_2996
5,5_2998
4,5_303
5,5_3060
0,5_3073
2,5_3103
4,5_3108
4,5_3109
5,5_315
5,5_3151
0,5_3182
2,5_3212
3,5_3218
4,5_3224
2,5_3226
0,5_3240
6,5_3252
5,5_3267
0,5_3272
4,5_3275
5,5_3291
5,5_3296
4,5_3300
4,5_3314
2,5_3330
4,5_336
3,5_3375
6,5_3409
5,5_3445
4,5_3462
3,5_3464
4,5_3478
4,5_3494
4,5_35
4,5_3512
2,5_3514
2,5_3551
3,5_3563
2,5_3606
2,5_3620
4,5_365
2,5_3658
5,5_3671
0,5_3677
3,5_368
5,5_3695
4,5_3745
0,5_3761
2,5_3763
4,5_3774
6,5_3779
5,5_3834
3,5_3839
4,5_3863
5,5_3864
6,5_3871
6,5_3886
0,5_3892
5,5_3897
3,5_3917
4,5_3975
0,5_3989
0,5_3990
6,5_3995
3,5_4013
3,5_4025
6,5_4028
2,5_4032
5,5_4044
6,5_4048
0,5_4059
4,5_4078
4,5_4089
2,5_4129
6,5_4133
5,5_4134
4,5_4152
4,5_4167
2,5_4173
5,5_4174
2,5_4177
5,5_4211
2,5_4246
5,5_4255
6,5_427
6,5_4271
5,5_4277
4,5_4279
6,5_4307
0,5_4347
0,5_436
6,5_4368
5,5_4370
0,5_4384
3,5_4423
4,5_4428
6,5_4444
5,5_4452
6,5_4460
2,5_4544
6,5_455
2,5_4554
5,5_4559
6,5_4560
3,5_4577
3,5_4592
4,5_4604
0,5_4612
2,5_4614
2,5_4621
5,5_4622
6,5_4645
4,5_4688
0,5_4700
6,5_4719
4,5_4722
6,5_4725
3,5_4727
5,5_475
4,5_4787
4,5_4794
0,5_4804
5,5_4805
3,5_4841
6,5_4868
4,5_4914
3,5_4923
0,5_4954
5,5_4960
4,5_499
3,5_5023
4,5_5026
4,5_5034
4,5_505
6,5_5054
5,5_5079
4,5_5090
4,5_5118
6,5_5129
4,5_5150
5,5_5187
0,5_5195
4,5_520
4,5_5217
2,5_5218
3,5_5221
1,5_5226
5,5_5243
2,5_526
1,5_530
4,5_531
2,5_5330
3,5_5339
4,5_5364
4,5_5367
0,5_5407
6,5_5441
3,5_546
2,5_549
2,5_5509
4,5_5569
3,5_5570
2,5_5587
2,5_5593
2,5_5607
4,5_562
3,5_5625
2,5_5638
4,5_5639
0,5_5651
4,5_5681
5,5_5683
2,5_5718
3,5_5750
6,5_5787
2,5_5797
6,5_5824
4,5_5841
4,5_5842
4,5_5844
2,5_5849
4,5_5861
4,5_5873
0,5_5885
6,5_5900
3,5_591
5,5_5915
6,5_5919
4,5_5925
5,5_5926
2,5_5928
4,5_5965
5,5_5968
0,5_598
0,5_6027
1,5_6054
4,5_6065
3,5_6118
2,5_6123
1,5_6131
5,5_6145
6,5_6169
6,5_617
6,5_6183
4,5_6186
0,5_6193
2,5_6206
6,5_6222
2,5_6223
4,5_6225
1,5_6230
0,5_6234
4,5_6235
5,5_6256
1,5_6257
4,5_6258
4,5_6263
4,5_6291
4,5_6305
6,5_6313
0,5_6324
4,5_6335
5,5_6363
2,5_639
4,5_6404
3,5_6460
6,5_6479
5,5_648
4,5_6483
6,5_6484
4,5_6487
6,5_6526
6,5_6542
5,5_6551
1,5_6558
3,5_6560
2,5_6581
4,5_66
6,5_6651
6,5_6658
4,5_6675
4,5_6690
4,5_6708
5,5_6716
3,5_6725
0,5_6730
4,5_677
3,5_6781
4,5_6794
2,5_683
6,5_6837
4,5_6839
4,5_6843
6,5_6848
5,5_6889
0,5_6892
4,5_69
4,5_6915
0,5_6941
5,5_6960
5,5_6972
3,5_6984
4,5_6986
6,5_6991
3,5_700
4,5_7012
4,5_7018
4,5_7058
5,5_7087
6,5_7112
2,5_7113
3,5_7122
4,5_7146
4,5_7150
2,5_7155
1,5_7202
2,5_721
5,5_7215
0,5_7223
6,5_7226
2,5_7240
3,5_7248
2,5_728
4,5_7286
4,5_73
4,5_7312
2,5_7320
4,5_7363
2,5_7364
2,5_7382
4,5_7396
0,5_7400
2,5_7451
5,5_7489
3,5_749
4,5_7511
4,5_7515
2,5_7522
3,5_753
4,5_7541
3,5_7606
5,5_7641
2,5_7646
5,5_7651
6,5_7663
4,5_7673
0,5_7681
3,5_7691
0,5_7704
3,5_773
1,5_7745
5,5_7747
4,5_7772
3,5_7783
4,5_7785
2,5_7796
4,5_7800
4,5_7806
3,5_7813
6,5_7814
3,5_7833
2,5_7838
3,5_7860
0,5_7863
6,5_7871
4,5_7875
4,5_7880
5,5_7895
0,5_7901
0,5_7921
2,5_7945
5,5_7947
2,5_796
4,5_797
4,5_7974
4,5_7998
4,5_8016
5,5_802
4,5_8036
4,5_8040
2,5_8049
5,5_8054
2,5_8066
4,5_8104
4,5_814
5,5_8155
6,5_8165
5,5_8167
4,5_8177
4,5_8186
1,5_8217
5,5_8229
3,5_8243
2,5_8248
6,5_8261
6,5_8269
2,5_8270
4,5_8289
6,5_829
0,5_8326
4,5_8335
2,5_8343
2,5_835
2,5_8357
6,5_8360
5,5_8361
0,5_8375
4,5_8415
5,5_8421
1,5_8427
4,5_8490
1,5_8491
4,5_8534
6,5_8538
5,5_8558
4,5_8566
0,5_8590
4,5_8599
1,5_8616
4,5_8638
0,5_8655
5,5_8686
4,5_8715
0,5_8756
0,5_8780
4,5_8803
4,5_8851
2,5_8857
5,5_8873
3,5_8880
4,5_8889
5,5_8893
5,5_8901
2,5_8937
6,5_8938
4,5_8944
0,5_895
6,5_8972
4,5_8983
6,5_8997
1,5_8999
6,5_900
0,5_9001
3,5_9035
4,5_904
5,5_9130
2,5_9182
5,5_9202
4,5_9241
4,5_9242
3,5_9249
4,5_9273
4,5_928
3,5_9281
4,5_9297
2,5_9299
4,5_93
2,5_9308
3,5_9319
3,5_9333
5,5_9353
4,5_9362
4,5_9389
2,5_9413
4,5_9418
3,5_942
4,5_9425
4,5_9428
4,5_9447
4,5_947
4,5_9492
6,5_9502
5,5_9507
3,5_9520
5,5_9522
0,5_9535
5,5_9574
5,5_9579
4,5_9607
2,5_9610
4,5_9660
0,5_9710
4,5_9754
4,5_9768
6,5_9770
4,5_9781
4,5_9799
6,5_9860
3,5_9871
4,5_9881
5,5_9924
3,5_9945
4,5_9960
4,5_9979
2,5_9982
4,6_1024
6,6_1033
4,6_1037
4,6_1048
0,6_1058
6,6_1074
2,6_109
5,6_1114
5,6_1123
5,6_1136
5,6_1161
4,6_1176
4,6_1191
0,6_1194
0,6_1232
0,6_1246
3,6_1257
4,6_1270
3,6_1311
4,6_1341
4,6_1359
3,6_1378
4,6_1380
4,6_1432
5,6_147
4,6_150
4,6_1504
6,6_1514
0,6_1525
5,6_1546
3,6_1580
2,6_1595
4,6_1599
1,6_1614
4,6_1670
2,6_1672
4,6_1700
4,6_1723
4,6_1732
5,6_1739
4,6_1757
5,6_1758
6,6_181
4,6_1828
1,6_1854
2,6_1878
6,6_1955
4,6_1980
6,6_1999
3,6_2016
5,6_2044
2,6_2052
6,6_2065
3,6_2090
4,6_2152
4,6_216
5,6_2169
2,6_2183
1,6_2203
0,6_2215
4,6_2238
0,6_224
2,6_2244
2,6_2265
5,6_2271
2,6_2280
0,6_2299
3,6_2370
5,6_2377
5,6_2390
3,6_2396
1,6_24
4,6_240
2,6_2423
6,6_2464
4,6_2486
3,6_2496
0,6_2501
2,6_2503
5,6_2517
3,6_2549
6,6_2555
4,6_2574
3,6_2591
3,6_2610
6,6_2641
3,6_2659
0,6_268
0,6_2686
5,6_2695
3,6_2707
1,6_2732
4,6_2751
2,6_2756
3,6_2760
2,6_277
6,6_2792
4,6_2853
2,6_2861
1,6_2886
2,6_2897
0,6_2899
4,6_2903
6,6_2945
6,6_2974
3,6_3007
3,6_3036
2,6_3040
2,6_3042
5,6_3044
0,6_3048
4,6_3065
0,6_3068
6,6_307
2,6_3088
6,6_309
0,6_3111
2,6_3120
4,6_3159
2,6_318
4,6_3244
4,6_3251
0,6_3264
0,6_3292
0,6_3295
5,6_3310
2,6_3346
4,6_3365
3,6_3399
3,6_3451
4,6_3466
5,6_3491
6,6_3497
4,6_3521
2,6_3525
3,6_3567
3,6_3584
4,6_3603
4,6_3607
5,6_3618
4,6_3679
4,6_3694
4,6_370
5,6_3703
2,6_3730
2,6_3734
4,6_3738
5,6_3778
0,6_3783
4,6_3806
0,6_3813
4,6_3827
4,6_3833
0,6_3916
3,6_3931
1,6_3932
0,6_3949
5,6_3953
6,6_3956
2,6_4010
0,6_4020
6,6_4035
5,6_405
2,6_4055
3,6_4102
3,6_4113
4,6_4126
4,6_4158
0,6_4162
4,6_4171
0,6_4185
4,6_4196
4,6_4198
0,6_4235
4,6_4278
4,6_4331
4,6_4332
2,6_4383
6,6_4395
5,6_4422
2,6_4453
0,6_4457
6,6_4469
4,6_4471
4,6_449
0,6_4492
4,6_4505
4,6_4565
1,6_457
2,6_46
4,6_4600
3,6_4618
1,6_4619
2,6_4627
2,6_4629
4,6_4640
2,6_4686
5,6_4695
6,6_4698
4,6_4705
0,6_4711
4,6_4730
1,6_4763
4,6_4768
2,6_48
4,6_4815
5,6_4824
0,6_4835
4,6_4838
4,6_4848
6,6_4851
5,6_4899
0,6_4902
3,6_4936
6,6_5012
6,6_5014
4,6_5066
4,6_5089
3,6_5094
5,6_5111
6,6_512
0,6_5135
6,6_5156
2,6_5181
4,6_5193
4,6_5208
4,6_5251
0,6_5301
5,6_534
4,6_5393
2,6_54
2,6_5403
5,6_5413
4,6_5442
4,6_548
4,6_5480
0,6_5496
5,6_5513
5,6_5516
2,6_5529
4,6_5547
3,6_558
3,6_5590
4,6_5599
0,6_5614
5,6_5634
2,6_5664
1,6_5673
5,6_5689
4,6_5709
4,6_5711
0,6_5729
5,6_5730
4,6_5734
4,6_5736
2,6_5737
5,6_5894
4,6_5898
4,6_5930
3,6_5953
5,6_5961
4,6_5966
4,6_5970
5,6_5982
2,6_60
4,6_6016
2,6_6020
0,6_6024
4,6_6030
5,6_6042
4,6_6043
0,6_6064
0,6_6066
0,6_6083
6,6_6091
3,6_6094
4,6_6100
3,6_6134
0,6_6147
5,6_616
4,6_6178
4,6_6203
5,6_6240
0,6_6268
4,6_6280
4,6_6284
2,6_63
3,6_6301
2,6_6319
2,6_6336
6,6_634
6,6_6377
5,6_6391
6,6_64
6,6_6437
2,6_6466
2,6_6472
1,6_6495
3,6_6510
3,6_654
6,6_655
2,6_6556
6,6_6570
2,6_6571
4,6_6583
5,6_6622
4,6_6647
6,6_6694
4,6_6742
4,6_6771
3,6_6788
6,6_6798
4,6_6822
0,6_6825
4,6_6853
2,6_6890
2,6_6954
4,6_6956
4,6_6962
3,6_6996
4,6_7008
0,6_7031
2,6_7060
5,6_7068
5,6_7071
5,6_7072
2,6_7096
2,6_7138
4,6_72
0,6_7222
4,6_7231
6,6_7238
0,6_7247
6,6_7256
2,6_7282
5,6_7289
2,6_7290
4,6_732
4,6_7335
1,6_7344
2,6_7357
2,6_7369
4,6_7391
4,6_7394
1,6_7422
0,6_7433
4,6_745
4,6_7455
3,6_7468
0,6_7495
0,6_7507
4,6_751
4,6_7531
2,6_759
2,6_7603
0,6_7623
4,6_7624
2,6_7666
2,6_7690
4,6_7694
4,6_7701
4,6_7725
2,6_7731
3,6_7760
2,6_7767
3,6_7803
4,6_7809
4,6_782
6,6_7827
1,6_7849
5,6_7855
5,6_7877
2,6_7879
5,6_7884
5,6_790
0,6_7916
6,6_7928
1,6_7933
5,6_7977
6,6_80
2,6_8010
6,6_8032
5,6_8056
5,6_8073
4,6_8096
4,6_8098
4,6_8130
4,6_8131
4,6_8160
3,6_817
0,6_8182
6,6_8191
6,6_8207
6,6_822
4,6_8246
1,6_8252
5,6_8254
0,6_8317
6,6_8336
6,6_8340
4,6_8346
4,6_8373
1,6_8424
0,6_8434
6,6_8435
4,6_8451
2,6_8478
2,6_8494
2,6_8507
5,6_8530
4,6_8564
4,6_8570
0,6_8595
2,6_8603
6,6_8604
5,6_8622
4,6_8653
2,6_8663
0,6_8664
4,6_8682
4,6_8693
6,6_8711
5,6_8741
4,6_8799
4,6_8825
2,6_8833
6,6_8882
3,6_8896
2,6_890
5,6_8934
4,6_8955
2,6_8971
4,6_8989
5,6_8993
4,6_8995
5,6_902
4,6_9061
1,6_9112
4,6_9139
4,6_9160
2,6_9248
4,6_925
0,6_9277
0,6_9290
5,6_9302
4,6_9305
0,6_9324
4,6_9330
6,6_9357
6,6_9359
1,6_9366
3,6_9377
3,6_9378
5,6_9419
2,6_9439
5,6_9448
0,6_9462
5,6_9489
5,6_949
5,6_951
2,6_9571
3,6_9575
4,6_9593
4,6_961
3,6_962
4,6_9627
5,6_964
2,6_9655
2,6_966
4,6_9670
6,6_9695
1,6_9707
4,6_9746
3,6_977
0,6_9772
1,6_9779
3,6_9824
6,6_9899
4,6_9901
4,6_9902
5,6_9922
6,6_994
4,6_9942
1,6_9946
0,6_9964
4,6_9999
0,7_1
0,7_1036
6,7_1065
3,7_1105
4,7_1109
4,7_1131
4,7_1138
4,7_1141
4,7_1164
2,7_1192
5,7_1195
2,7_1206
4,7_1208
4,7_1225
2,7_124
4,7_1262
4,7_1265
4,7_127
0,7_1321
2,7_1335
6,7_1340
2,7_1353
1,7_1371
4,7_1443
3,7_1513
4,7_1522
1,7_1531
1,7_1545
4,7_157
6,7_1575
6,7_1590
1,7_160
4,7_1601
4,7_1607
3,7_1616
0,7_1647
4,7_1718
4,7_1728
0,7_1738
0,7_1755
2,7_1761
0,7_178
4,7_1780
4,7_1792
0,7_1793
6,7_1811
0,7_1827
3,7_1843
6,7_1862
0,7_1864
5,7_1885
3,7_1899
4,7_1904
3,7_1915
6,7_1936
4,7_1942
4,7_1960
2,7_1977
5,7_199
4,7_1991
6,7_205
4,7_2059
5,7_2066
5,7_2122
2,7_2139
5,7_215
4,7_2155
4,7_2184
4,7_2218
2,7_2220
5,7_2256
4,7_2262
4,7_2290
4,7_23
5,7_2318
6,7_2325
4,7_2332
1,7_2335
4,7_2366
2,7_2376
2,7_238
4,7_2388
5,7_2401
3,7_2408
5,7_2412
3,7_2416
0,7_2471
5,7_2494
2,7_2524
4,7_2531
6,7_2536
6,7_2541
2,7_2545
4,7_2566
4,7_2588
4,7_2599
0,7_2605
4,7_2621
0,7_2639
4,7_2704
1,7_2709
6,7_276
0,7_2762
1,7_2804
4,7_2819
4,7_282
4,7_2829
4,7_284
5,7_2849
4,7_285
1,7_2867
2,7_2888
2,7_2916
4,7_2917
2,7_2959
1,7_2965
4,7_2983
4,7_3014
4,7_3020
5,7_3066
4,7_3104
5,7_3153
6,7_3172
1,7_3176
4,7_3177
4,7_3192
5,7_32
6,7_3216
4,7_3234
4,7_3238
5,7_3241
4,7_3277
3,7_330
5,7_331
5,7_3312
4,7_333
0,7_3332
4,7_3333
4,7_3363
6,7_3369
2,7_3373
4,7_3414
5,7_3417
2,7_3434
4,7_3443
0,7_3470
4,7_3479
2,7_3505
4,7_3518
4,7_3532
0,7_3550
2,7_3565
2,7_3578
6,7_359
4,7_3593
6,7_3623
4,7_3638
5,7_3639
2,7_3647
5,7_3656
4,7_3672
3,7_3685
4,7_3689
2,7_3691
6,7_3701
0,7_3713
4,7_3725
2,7_3731
4,7_3748
6,7_3755
0,7_3759
4,7_3780
4,7_3788
0,7_3823
4,7_3847
4,7_3859
4,7_3861
4,7_3867
5,7_388
6,7_3881
0,7_3924
4,7_394
4,7_3951
2,7_3971
4,7_4007
4,7_4009
1,7_4050
4,7_4076
3,7_4080
2,7_4121
3,7_414
5,7_4170
6,7_4183
0,7_4187
2,7_4239
0,7_4254
1,7_4256
4,7_426
4,7_428
0,7_4297
4,7_4298
2,7_43
0,7_4309
5,7_4334
6,7_4338
0,7_4343
2,7_4345
4,7_4357
3,7_4374
6,7_4390
6,7_4394
6,7_4405
5,7_4414
0,7_4482
0,7_4514
6,7_4524
2,7_4526
4,7_4533
2,7_4550
3,7_4563
4,7_4570
0,7_4572
4,7_4582
6,7_4595
4,7_461
5,7_4706
0,7_4707
4,7_4709
4,7_4716
4,7_4729
4,7_4732
1,7_4757
4,7_4831
2,7_4834
6,7_4844
4,7_4887
2,7_4905
4,7_4915
2,7_4942
0,7_4949
4,7_4961
4,7_4986
2,7_4990
0,7_500
4,7_5011
4,7_5028
4,7_5038
2,7_5040
3,7_5048
0,7_5050
4,7_5053
0,7_5056
4,7_509
3,7_5110
4,7_5162
1,7_5196
5,7_5229
0,7_5288
6,7_5340
3,7_5350
0,7_5356
0,7_5389
4,7_5392
4,7_5397
4,7_5408
4,7_5444
0,7_5520
5,7_5550
3,7_5580
6,7_5594
4,7_5606
4,7_5645
0,7_5653
4,7_5656
2,7_566
1,7_5697
4,7_57
2,7_5700
5,7_5719
2,7_5726
6,7_5745
0,7_5762
5,7_5764
4,7_5766
6,7_5770
3,7_5774
2,7_5778
6,7_5780
4,7_5792
6,7_5794
4,7_5819
5,7_5857
0,7_5896
4,7_5905
2,7_5909
0,7_5933
2,7_5935
5,7_6006
4,7_6051
4,7_6058
2,7_6063
4,7_6095
3,7_6105
3,7_6110
4,7_6162
0,7_6165
2,7_6180
4,7_6199
4,7_6212
4,7_6243
4,7_6308
2,7_6328
4,7_6358
2,7_6368
0,7_640
3,7_6438
4,7_6439
2,7_6453
4,7_65
4,7_6503
1,7_6504
6,7_6509
4,7_6512
4,7_6530
6,7_6550
5,7_6573
4,7_6587
1,7_6591
4,7_6615
3,7_6617
0,7_6623
6,7_6648
4,7_665
4,7_6677
2,7_6692
6,7_6709
4,7_6713
2,7_6715
2,7_6738
2,7_6756
4,7_6759
4,7_6760
6,7_6797
0,7_68
6,7_6815
0,7_6868
1,7_6870
4,7_6879
4,7_6893
5,7_6917
4,7_6927
4,7_6940
4,7_6961
6,7_6963
2,7_6964
4,7_6971
4,7_6975
6,7_6982
2,7_6983
2,7_7000
4,7_7011
0,7_7073
6,7_7089
2,7_7094
4,7_7102
2,7_713
2,7_7140
4,7_7143
5,7_7165
0,7_719
4,7_7193
4,7_7198
6,7_720
2,7_7204
1,7_7207
4,7_7210
0,7_7225
4,7_7234
5,7_7241
2,7_7258
4,7_7260
4,7_7261
4,7_731
5,7_7329
1,7_7331
4,7_7355
2,7_7372
5,7_7381
4,7_7393
4,7_7395
2,7_7416
0,7_7418
4,7_747
4,7_7494
6,7_7498
0,7_7539
0,7_7543
4,7_7554
2,7_7557
5,7_7560
5,7_7577
6,7_7585
5,7_7635
0,7_7636
3,7_764
6,7_7658
5,7_7662
6,7_7684
3,7_7722
2,7_7744
5,7_7768
3,7_7769
2,7_7845
6,7_7869
6,7_788
4,7_7943
5,7_7948
4,7_7982
0,7_8001
4,7_8007
4,7_8013
3,7_8024
4,7_8047
5,7_8078
5,7_8079
5,7_8090
4,7_8091
1,7_8093
2,7_8100
4,7_8102
5,7_8143
3,7_8162
4,7_8178
4,7_818
4,7_8210
4,7_8256
2,7_826
5,7_8262
4,7_8263
4,7_8304
4,7_8325
6,7_8341
4,7_8379
4,7_8403
4,7_8408
6,7_8428
4,7_8436
4,7_8447
4,7_8468
4,7_8473
4,7_8504
0,7_853
4,7_8532
3,7_8550
2,7_8571
2,7_8635
6,7_8652
1,7_8684
4,7_87
4,7_873
0,7_8731
0,7_8742
5,7_8787
4,7_8792
4,7_8805
0,7_8808
4,7_8816
4,7_8830
5,7_8841
4,7_8853
5,7_8865
1,7_8867
4,7_8888
4,7_8905
4,7_8950
4,7_9006
4,7_9021
2,7_903
6,7_9033
2,7_9041
4,7_9053
0,7_9054
4,7_9072
3,7_9108
3,7_9169
2,7_9200
4,7_9235
3,7_9236
5,7_9251
3,7_9258
3,7_9270
2,7_9276
5,7_9306
2,7_9312
2,7_9318
3,7_9346
5,7_9361
4,7_9363
5,7_9364
6,7_9384
0,7_9387
3,7_9394
4,7_9407
3,7_9414
4,7_9415
2,7_9421
2,7_9424
4,7_9430
4,7_9432
5,7_9441
4,7_9445
5,7_9450
2,7_9468
1,7_9477
4,7_9487
4,7_9516
6,7_9562
4,7_9565
5,7_9572
4,7_9602
6,7_9647
2,7_9648
1,7_9649
4,7_9672
6,7_9706
4,7_9715
2,7_974
0,7_9755
0,7_9801
6,7_9803
4,7_981
4,7_9819
5,7_9827
4,7_9867
6,7_9884
4,7_990
0,7_9904
5,7_9913
2,7_993
5,7_9953
4,7_997
4,8_1001
4,8_101
6,8_1096
4,8_1099
0,8_1102
6,8_1120
5,8_1154
6,8_1217
4,8_122
3,8_1226
0,8_1234
4,8_1256
4,8_1289
4,8_1299
4,8_1312
5,8_1329
4,8_133
6,8_1351
5,8_1354
5,8_1388
0,8_1409
5,8_1430
1,8_1473
2,8_1565
4,8_1583
5,8_1587
5,8_1604
6,8_1605
4,8_1611
0,8_1634
2,8_1654
6,8_1682
3,8_1695
6,8_1716
4,8_173
2,8_1737
3,8_174
4,8_1785
4,8_1803
4,8_1820
4,8_1826
4,8_1842
0,8_1849
2,8_1857
5,8_1872
2,8_193
0,8_1964
3,8_1974
5,8_2013
4,8_2045
4,8_2057
4,8_208
3,8_2083
5,8_2104
4,8_2115
6,8_2144
5,8_2153
0,8_2181
0,8_2182
4,8_2197
4,8_2205
3,8_2214
4,8_2216
4,8_2252
2,8_2298
3,8_2311
5,8_2314
0,8_2336
6,8_2368
4,8_2375
4,8_2395
1,8_2406
4,8_2407
4,8_2457
4,8_2461
2,8_247
5,8_2484
6,8_2527
4,8_2528
6,8_2533
2,8_2540
4,8_2560
3,8_2565
2,8_2580
6,8_2585
0,8_2589
4,8_2650
0,8_2651
2,8_2691
5,8_2716
3,8_2743
2,8_2884
2,8_2893
6,8_2964
2,8_2984
5,8_3013
0,8_3070
4,8_3085
4,8_3102
4,8_3115
4,8_3135
2,8_3188
4,8_3200
2,8_3254
2,8_3258
4,8_3268
4,8_3282
5,8_334
0,8_3347
0,8_3353
0,8_3372
5,8_3389
4,8_3393
5,8_3406
4,8_341
0,8_3424
4,8_3440
3,8_3486
4,8_3516
6,8_353
6,8_3531
0,8_3587
5,8_3592
4,8_3617
4,8_3633
4,8_3663
4,8_3747
4,8_3749
4,8_381
3,8_3831
4,8_3875
2,8_3888
4,8_3898
0,8_3909
2,8_3934
2,8_3941
6,8_3960
2,8_4014
5,8_4031
0,8_4033
4,8_4070
4,8_4071
4,8_4073
4,8_4079
2,8_4163
6,8_4166
0,8_4199
4,8_4263
2,8_4266
4,8_4280
4,8_4284
2,8_430
5,8_4310
4,8_4329
4,8_4340
4,8_4360
5,8_4378
4,8_4398
5,8_4399
4,8_44
4,8_4400
1,8_4403
5,8_4407
2,8_4432
4,8_4445
6,8_4461
2,8_45
6,8_4517
4,8_4520
0,8_4523
3,8_4528
4,8_4574
0,8_47
0,8_4755
4,8_477
4,8_479
6,8_4793
3,8_4797
5,8_4845
6,8_4866
4,8_4870
4,8_4874
0,8_4903
2,8_4920
3,8_4929
4,8_4940
2,8_4948
0,8_4952
5,8_4987
2,8_5007
4,8_5031
5,8_5032
4,8_5047
4,8_5072
6,8_5076
6,8_5117
4,8_5152
3,8_5177
4,8_5203
6,8_5214
3,8_5266
4,8_5274
4,8_5276
6,8_528
2,8_5284
0,8_5291
5,8_5376
5,8_5433
0,8_5448
4,8_5461
5,8_550
3,8_5500
4,8_5525
4,8_5560
2,8_5564
0,8_5568
0,8_5608
4,8_561
4,8_5632
5,8_5676
4,8_5690
2,8_5693
4,8_570
2,8_5702
2,8_5739
2,8_5741
4,8_5758
5,8_5772
6,8_5785
5,8_5791
3,8_5808
5,8_5853
4,8_5974
6,8_603
0,8_6072
2,8_6117
2,8_6182
0,8_623
4,8_6260
6,8_6277
4,8_6293
0,8_6315
4,8_6322
4,8_6323
6,8_6347
2,8_6365
4,8_6371
4,8_6375
2,8_6386
5,8_6394
5,8_6403
4,8_6418
5,8_6444
1,8_6490
4,8_6496
4,8_6497
6,8_651
4,8_653
6,8_6549
4,8_656
0,8_6563
3,8_6598
0,8_6602
3,8_666
6,8_6667
3,8_6701
2,8_6721
0,8_6736
0,8_6754
4,8_6758
1,8_6770
2,8_6783
2,8_6790
3,8_6809
6,8_6833
2,8_6844
4,8_685
4,8_6887
4,8_6922
5,8_6957
0,8_697
4,8_698
4,8_7035
4,8_7045
4,8_7101
2,8_7117
5,8_7152
2,8_7179
3,8_7203
4,8_7205
4,8_7228
3,8_7273
3,8_7305
2,8_7348
2,8_737
0,8_7371
6,8_7397
4,8_7402
1,8_7431
3,8_7450
4,8_7487
3,8_7493
1,8_7593
0,8_7605
4,8_7647
4,8_7675
4,8_7692
4,8_7713
6,8_7775
4,8_7868
4,8_7919
4,8_793
1,8_7970
4,8_8041
6,8_8061
1,8_8063
6,8_8081
4,8_8125
1,8_8137
3,8_8171
3,8_8202
2,8_8214
0,8_8284
2,8_8301
4,8_8334
4,8_8338
4,8_8374
6,8_8386
4,8_8407
1,8_8418
5,8_8425
4,8_8444
2,8_8452
4,8_8486
4,8_8496
4,8_850
0,8_8547
4,8_8563
2,8_8568
0,8_8574
4,8_8580
4,8_8589
2,8_859
0,8_8596
1,8_8620
2,8_8632
4,8_8658
2,8_8681
2,8_8725
6,8_8727
6,8_8757
0,8_8777
4,8_8802
1,8_8812
5,8_8813
6,8_8820
4,8_8838
5,8_8897
4,8_8926
1,8_9005
4,8_9017
3,8_9023
3,8_9044
4,8_9068
0,8_9107
0,8_9113
4,8_9135
4,8_9140
4,8_9186
2,8_9192
4,8_9210
1,8_9227
5,8_9231
5,8_9264
1,8_931
5,8_9341
6,8_9345
5,8_937
3,8_9431
5,8_9451
6,8_9476
4,8_948
4,8_9488
2,8_9519
2,8_9556
6,8_9577
4,8_9634
4,8_9663
3,8_9679
2,8_969
6,8_9693
0,8_9703
2,8_9758
4,8_9776
2,8_9790
3,8_9795
6,8_982
0,8_9826
5,8_9891
0,8_9892
3,8_9893
6,8_9932
2,8_9997
3,9_1047
4,9_1051
4,9_1057
4,9_1067
6,9_1069
4,9_1073
4,9_1090
6,9_1125
4,9_1180
4,9_1203
5,9_121
4,9_1255
4,9_128
4,9_1288
4,9_130
5,9_1303
4,9_1326
4,9_1336
5,9_1356
4,9_1357
4,9_1431
2,9_1442
3,9_1463
5,9_1467
2,9_1468
2,9_1474
3,9_1509
2,9_1519
4,9_1542
4,9_1570
4,9_1600
4,9_1613
5,9_1628
4,9_1635
0,9_1637
2,9_1669
2,9_1691
4,9_1713
0,9_172
6,9_1742
3,9_1759
2,9_1787
0,9_1797
1,9_180
4,9_1809
0,9_1821
1,9_1832
5,9_1839
5,9_1880
4,9_1882
2,9_1912
0,9_1948
4,9_1949
3,9_1998
4,9_2004
2,9_2047
4,9_2067
2,9_2079
6,9_2106
6,9_2117
4,9_2133
5,9_2142
6,9_2165
4,9_2198
4,9_2248
4,9_2274
2,9_2323
4,9_2348
5,9_2350
5,9_2372
4,9_2382
4,9_2516
5,9_2556
0,9_2573
0,9_2632
5,9_2661
2,9_2675
2,9_2685
2,9_2693
2,9_2698
1,9_27
0,9_2726
5,9_2733
4,9_2749
2,9_2754
5,9_2767
0,9_2768
6,9_2794
2,9_2797
5,9_2799
4,9_2860
4,9_2862
4,9_2872
4,9_2896
5,9_296
2,9_2991
3,9_301
5,9_3056
2,9_3061
4,9_3069
1,9_3076
2,9_3084
4,9_3087
6,9_3091
0,9_3093
5,9_3098
3,9_3128
2,9_3152
2,9_3163
4,9_3165
6,9_3199
4,9_3206
4,9_3225
4,9_3232
5,9_3235
2,9_3271
2,9_3278
5,9_3279
0,9_3287
1,9_3305
2,9_3324
6,9_3334
6,9_3342
3,9_3374
5,9_3377
2,9_3392
1,9_3483
0,9_3490
5,9_3534
6,9_3535
5,9_354
6,9_3544
6,9_3554
3,9_3577
5,9_3586
2,9_3622
4,9_364
0,9_3662
4,9_3665
4,9_3687
4,9_3704
3,9_3721
4,9_3735
4,9_3737
2,9_3776
1,9_3798
4,9_38
5,9_3815
3,9_3841
6,9_3858
6,9_3865
6,9_3894
4,9_3901
0,9_3936
4,9_3946
4,9_396
0,9_4030
0,9_4092
4,9_4106
4,9_4141
2,9_4142
5,9_4145
6,9_4149
0,9_4184
4,9_4189
5,9_4218
4,9_4223
3,9_4224
4,9_4231
0,9_4238
4,9_4248
6,9_4260
4,9_4285
5,9_4324
5,9_4346
4,9_4355
4,9_4356
2,9_4364
3,9_4371
0,9_4402
4,9_4411
4,9_4412
2,9_4415
6,9_4418
3,9_4424
4,9_4441
0,9_450
5,9_4519
0,9_4521
4,9_4588
1,9_4599
3,9_4623
2,9_4639
2,9_4648
5,9_4664
5,9_4680
4,9_4694
4,9_4723
4,9_4782
4,9_4806
2,9_4810
3,9_4826
4,9_4840
2,9_485
6,9_4865
2,9_4876
4,9_4878
6,9_4892
5,9_4913
6,9_4971
0,9_5035
3,9_5071
0,9_510
4,9_5119
1,9_5130
4,9_5132
5,9_5139
4,9_5149
5,9_5155
3,9_5169
4,9_5179
1,9_5185
4,9_5206
0,9_5219
4,9_5225
2,9_5273
2,9_529
0,9_5308
5,9_5331
4,9_5427
4,9_5443
6,9_5460
6,9_5462
4,9_5469
0,9_5479
4,9_5482
0,9_5501
0,9_5537
5,9_5628
6,9_5648
4,9_5714
4,9_5732
4,9_5735
5,9_574
4,9_5754
4,9_5790
2,9_5874
5,9_5877
4,9_5881
4,9_5936
5,9_600
5,9_6019
5,9_6031
2,9_6067
4,9_6069
5,9_6097
4,9_6103
6,9_6104
4,9_6119
2,9_6124
2,9_614
0,9_6151
2,9_6161
4,9_6164
4,9_6173
5,9_6181
1,9_6197
5,9_625
0,9_6255
0,9_6283
4,9_6288
5,9_6300
4,9_6318
2,9_6329
2,9_6402
5,9_6407
4,9_6415
4,9_6431
2,9_6441
4,9_6474
4,9_6513
2,9_6553
0,9_6604
0,9_6611
0,9_6626
0,9_6627
5,9_6628
3,9_6645
6,9_6656
4,9_6657
4,9_6676
6,9_6689
4,9_6696
2,9_6702
2,9_6705
0,9_6706
4,9_6720
2,9_673
2,9_6743
5,9_6812
3,9_6823
5,9_6841
4,9_6852
6,9_6860
4,9_6880
0,9_6886
5,9_6903
0,9_6908
6,9_6909
4,9_6925
0,9_6945
3,9_6953
4,9_6999
5,9_7014
4,9_7022
3,9_7025
2,9_7043
5,9_7079
2,9_7083
3,9_7125
4,9_7139
6,9_7141
4,9_7142
4,9_7160
4,9_7180
0,9_7237
2,9_7268
4,9_7379
0,9_7399
2,9_7406
4,9_7415
4,9_7420
2,9_7421
4,9_7441
4,9_7446
4,9_748
2,9_7501
2,9_7518
4,9_7558
4,9_7584
4,9_7607
0,9_761
5,9_7618
3,9_7639
0,9_7676
5,9_7689
5,9_7710
1,9_775
3,9_7793
4,9_7828
5,9_783
3,9_7843
2,9_7848
5,9_785
4,9_7873
3,9_7913
4,9_7972
2,9_799
0,9_8009
4,9_8017
4,9_8067
5,9_8075
4,9_8080
0,9_8121
5,9_8187
0,9_8189
6,9_8205
5,9_8225
4,9_8227
4,9_8247
2,9_8253
5,9_8265
2,9_8267
2,9_8282
4,9_8285
2,9_8371
6,9_8380
6,9_8399
1,9_8400
0,9_8420
5,9_8450
4,9_8471
4,9_8472
0,9_8474
2,9_848
4,9_8489
0,9_8546
3,9_8548
1,9_855
6,9_8551
3,9_8569
4,9_8576
0,9_8581
0,9_8614
3,9_8626
6,9_8629
2,9_8634
4,9_8637
4,9_8650
6,9_8685
3,9_8717
6,9_8765
1,9_8785
4,9_8804
5,9_8823
5,9_8849
3,9_8892
6,9_893
4,9_8948
3,9_8966
5,9_8982
3,9_8984
4,9_8988
2,9_90
4,9_9009
1,9_9052
5,9_9060
2,9_907
5,9_9088
4,9_9116
3,9_912
0,9_9123
4,9_9138
4,9_9176
4,9_9181
4,9_9183
0,9_9190
6,9_920
1,9_9219
4,9_9245
3,9_9250
6,9_9284
4,9_932
4,9_9326
4,9_9328
6,9_9334
4,9_9349
4,9_9365
2,9_9367
4,9_9396
5,9_9416
4,9_9427
5,9_9455
4,9_9457
4,9_9458
4,9_9497
1,9_9499
4,9_9517
4,9_9527
5,9_9532
3,9_9545
4,9_9606
2,9_9654
5,9_9678
3,9_9694
4,9_9732
2,9_9741
5,9_9744
3,9_9769
5,9_9773
0,9_9778
0,9_9797
5,9_9805
6,9_9825
1,9_9835
5,9_9838
4,9_984
5,9_986
5,9_9888
6,9_991
6,9_9921
6,9_9926
4,9_9936
4,9_9952
4,9_9959
0,9_9965
4,9_9992
